Date,Open,High,Low,Close,Volume,OpenInt
2005-01-03,32.31,32.31,31.527,31.616,1027044,0
2005-01-04,31.527,31.616,31.22,31.338,1927762,0
2005-01-05,30.971,31.051,30.714,30.843,943399,0
2005-01-06,30.843,31.398,30.764,31.26,662398,0
2005-01-07,31.26,31.26,30.456,30.566,1087886,0
2005-01-10,30.506,31.23,30.486,30.863,896381,0
2005-01-11,30.843,30.903,30.199,30.377,835841,0
2005-01-12,30.456,30.466,29.872,30.07,1476041,0
2005-01-13,30.07,30.605,29.882,30.129,772578,0
2005-01-14,30.189,30.337,30.07,30.239,453538,0
2005-01-18,30.09,30.724,29.862,30.496,592979,0
2005-01-19,30.506,30.605,29.852,30.08,694685,0
2005-01-20,30.06,30.407,30.05,30.1,858644,0
2005-01-21,30.129,30.307,29.584,29.723,1040463,0
2005-01-24,29.763,29.931,29.287,29.346,920193,0
2005-01-25,29.465,29.644,29.188,29.287,555647,0
2005-01-26,29.326,29.495,29.168,29.336,874385,0
2005-01-27,29.217,29.733,29,29.653,636871,0
2005-01-28,29.614,29.921,29.198,29.644,771367,0
2005-01-31,29.872,30.149,29.317,29.564,884878,0
2005-02-01,29.614,29.644,29.307,29.336,925137,0
2005-02-02,29.336,29.763,29.207,29.614,699124,0
2005-02-03,29.485,29.495,28.89,29.039,962772,0
2005-02-04,29.029,29.237,28.811,29.069,1040161,0
2005-02-07,28.99,29.505,28.811,29.019,683485,0
2005-02-08,29.089,29.188,28.593,28.663,1209972,0
2005-02-09,28.663,28.841,28.118,28.226,1229041,0
2005-02-10,28.048,28.186,27.741,27.859,1645651,0
2005-02-11,28.821,30.883,28.583,30.377,5309066,0
2005-02-14,30.447,30.447,29.624,29.872,1961665,0
2005-02-15,29.872,30.06,29.733,29.882,1142068,0
2005-02-16,29.753,29.822,29.287,29.406,1269704,0
2005-02-17,29.376,29.634,29.079,29.317,776211,0
2005-02-18,29.366,29.822,29.346,29.683,972962,0
2005-02-22,30.526,31.537,30.486,30.674,2638995,0
2005-02-23,30.873,31.368,30.674,31.12,1322474,0
2005-02-24,31.17,31.318,30.734,31.25,824540,0
2005-02-25,31.537,32.062,31.507,31.824,2066397,0
2005-02-28,31.874,31.933,31.338,31.457,1010193,0
2005-03-01,31.457,31.695,31.061,31.318,1699430,0
2005-03-02,30.724,31.388,30.644,30.863,1244379,0
2005-03-03,30.883,31.101,30.674,30.952,919082,0
2005-03-04,31.071,31.27,30.991,31.18,616589,0
2005-03-07,31.19,31.914,31.18,31.824,824440,0
2005-03-08,31.794,32.191,31.527,31.943,1966609,0
2005-03-09,31.894,31.894,31.477,31.547,785796,0
2005-03-10,31.735,31.784,31.19,31.596,1174354,0
2005-03-11,31.695,31.705,31.24,31.318,664718,0
2005-03-14,31.318,31.517,31.18,31.398,764203,0
2005-03-15,31.517,31.864,31.2,31.26,815158,0
2005-03-16,31.26,31.418,31.021,31.11,524066,0
2005-03-17,31.031,31.071,30.734,30.803,661590,0
2005-03-18,31.001,31.557,30.873,31.378,1134299,0
2005-03-21,31.358,31.844,31.279,31.606,841694,0
2005-03-22,31.606,31.923,31.447,31.467,804765,0
2005-03-23,31.368,31.794,31.12,31.587,558673,0
2005-03-24,31.616,31.695,31.22,31.299,517609,0
2005-03-28,30.724,30.873,29.98,30.546,1632937,0
2005-03-29,30.546,30.714,30.149,30.357,699527,0
2005-03-30,30.357,30.783,30.347,30.783,594594,0
2005-03-31,30.724,30.823,30.387,30.456,670974,0
2005-04-01,30.704,30.754,30.11,30.327,923422,0
2005-04-04,30.327,30.427,29.832,30.03,1001314,0
2005-04-05,30.278,31.705,30.179,31.606,1431646,0
2005-04-06,31.408,31.567,30.783,30.873,749070,0
2005-04-07,31.021,31.636,30.823,31.299,715873,0
2005-04-08,31.299,31.517,31.13,31.447,745638,0
2005-04-11,31.547,31.567,30.893,31.021,624560,0
2005-04-12,31.021,31.19,30.03,31.13,936033,0
2005-04-13,31.19,31.279,30.744,31.091,497428,0
2005-04-14,31.12,31.348,31.011,31.061,461710,0
2005-04-15,30.971,31.27,30.347,30.506,684091,0
2005-04-18,30.506,30.526,29.753,30.149,969430,0
2005-04-19,30.179,30.307,29.793,30.229,639089,0
2005-04-20,30.229,30.327,29.733,29.862,766726,0
2005-04-21,29.713,30.199,29.653,30.11,607509,0
2005-04-22,29.951,30.169,29.753,29.892,861571,0
2005-04-25,29.961,30,29.673,29.783,646153,0
2005-04-26,29.783,29.783,29.456,29.624,924431,0
2005-04-27,29.624,29.902,29.366,29.505,711635,0
2005-04-28,29.505,30.03,29.505,29.683,975283,0
2005-04-29,29.683,29.852,29.485,29.733,1455256,0
2005-05-02,29.802,30,29.703,29.961,1386040,0
2005-05-03,29.99,30.06,29.812,29.931,1405412,0
2005-05-04,29.98,30.278,29.634,30.229,2600048,0
2005-05-05,30.298,30.298,29.535,29.634,1581076,0
2005-05-06,29.158,29.277,28.821,29.079,2645856,0
2005-05-09,29.039,29.039,28.673,28.88,1618611,0
2005-05-10,28.9,29.267,28.692,29.129,1557364,0
2005-05-11,29.198,29.485,29.069,29.326,1215724,0
2005-05-12,28.742,29.703,28.216,29.386,528001,0
2005-05-13,29.456,29.475,29.138,29.227,941684,0
2005-05-16,29.267,29.594,29.168,29.485,693574,0
2005-05-17,29.505,29.862,29.237,29.783,704573,0
2005-05-18,29.832,30.189,29.832,30.06,784888,0
2005-05-19,30.169,30.447,30.11,30.268,1126327,0
2005-05-20,30.229,30.337,29.723,29.733,1202707,0
2005-05-23,29.842,30.219,29.793,30.11,959240,0
2005-05-24,30.179,30.209,29.832,29.832,934722,0
2005-05-25,29.653,29.832,29.376,29.406,1145598,0
2005-05-26,29.426,30.01,29.426,29.842,755728,0
2005-05-27,29.822,30.149,29.703,30,499345,0
2005-05-31,29.852,29.911,29.624,29.793,523864,0
2005-06-01,29.653,30.209,29.653,30.08,459793,0
2005-06-02,29.921,30.229,29.713,30.159,950260,0
2005-06-03,30.06,30.268,29.852,30.1,747656,0
2005-06-06,30.01,30.189,29.812,30.05,605188,0
2005-06-07,30.04,30.486,29.911,30.209,620928,0
2005-06-08,30.387,30.466,30.159,30.219,511656,0
2005-06-09,30.139,30.506,30.04,30.179,531532,0
2005-06-10,30.169,30.724,30.129,30.704,453941,0
2005-06-13,30.674,31.051,30.556,30.863,612553,0
2005-06-14,30.823,31.11,30.774,30.883,387853,0
2005-06-15,30.873,31.071,30.634,30.952,408639,0
2005-06-16,31.14,31.26,30.863,31.101,382909,0
2005-06-17,31.328,31.328,30.506,30.576,923925,0
2005-06-20,30.407,31.2,30.397,30.943,638989,0
2005-06-21,31.041,31.071,30.576,30.764,636062,0
2005-06-22,30.873,30.883,30.506,30.576,339925,0
2005-06-23,30.576,30.961,30.576,30.644,509133,0
2005-06-24,30.397,30.624,30.159,30.229,686209,0
2005-06-27,30.337,30.337,29.485,29.485,728284,0
2005-06-28,29.604,29.852,29.555,29.852,633944,0
2005-06-29,29.921,30.02,29.644,29.703,420342,0
2005-06-30,29.723,29.773,29.277,29.297,499851,0
2005-07-01,29.446,29.703,27.949,29.148,479771,0
2005-07-05,29.039,29.733,29.039,29.336,749673,0
2005-07-06,29.426,29.555,29.217,29.217,424984,0
2005-07-07,29.119,29.277,28.94,29.079,932401,0
2005-07-08,29.158,29.426,29.148,29.317,827063,0
2005-07-11,29.525,29.525,29.237,29.336,742612,0
2005-07-12,29.237,29.426,29.039,29.396,814955,0
2005-07-13,29.515,29.515,29.237,29.326,633540,0
2005-07-14,29.465,29.872,29.446,29.743,429625,0
2005-07-15,29.703,29.802,29.297,29.634,438604,0
2005-07-18,29.653,29.653,29.257,29.257,627385,0
2005-07-19,29.326,29.822,29.237,29.426,649382,0
2005-07-20,29.426,29.653,29.217,29.465,598630,0
2005-07-21,29.366,29.535,29.019,29.446,741200,0
2005-07-22,29.456,29.465,29.168,29.336,470690,0
2005-07-25,29.336,29.336,29.029,29.079,933208,0
2005-07-26,29.207,29.941,29.168,29.832,946829,0
2005-07-27,30.03,30.327,29.882,30.307,881145,0
2005-07-28,31.318,32.32,31.2,32.161,2684702,0
2005-07-29,32.29,33.202,32.161,33.102,2215828,0
2005-08-01,33.449,33.895,33.172,33.381,1949355,0
2005-08-02,33.419,33.648,33.251,33.459,851379,0
2005-08-03,33.499,33.846,33.439,33.747,1308146,0
2005-08-04,33.698,33.816,33.449,33.519,661489,0
2005-08-05,33.519,33.598,33.162,33.558,1040463,0
2005-08-08,33.698,33.836,33.618,33.786,967514,0
2005-08-09,33.816,34.392,33.776,34.342,927457,0
2005-08-10,34.529,34.758,34.451,34.629,1465245,0
2005-08-11,34.549,34.926,34.51,34.798,1014936,0
2005-08-12,34.778,34.827,34.272,34.46,1188177,0
2005-08-15,34.342,34.729,34.242,34.659,806782,0
2005-08-16,34.629,34.729,34.392,34.451,642924,0
2005-08-17,34.411,34.609,34.272,34.322,941381,0
2005-08-18,34.322,34.441,34.272,34.362,951672,0
2005-08-19,34.48,34.866,34.392,34.639,1038042,0
2005-08-22,35.183,35.452,34.926,35.383,1391488,0
2005-08-23,35.293,35.323,34.529,34.569,1014834,0
2005-08-24,34.569,34.976,34.559,34.619,1273438,0
2005-08-25,34.589,34.986,34.569,34.836,392393,0
2005-08-26,34.709,34.758,34.242,34.392,867625,0
2005-08-29,34.431,34.729,34.252,34.589,1047929,0
2005-08-30,34.49,34.539,33.856,34.065,1268998,0
2005-08-31,33.955,34.382,33.718,34.173,1630416,0
2005-09-01,34.312,34.382,34.103,34.143,1064679,0
2005-09-02,33.419,33.846,33.419,33.529,1138838,0
2005-09-06,33.618,34.451,33.618,34.431,1699631,0
2005-09-07,34.292,34.619,34.123,34.5,938051,0
2005-09-08,34.342,34.689,34.272,34.539,812735,0
2005-09-09,34.5,35.59,34.48,35.51,1110789,0
2005-09-12,35.56,35.808,34.827,34.946,1238627,0
2005-09-13,34.836,34.896,34.49,34.559,873376,0
2005-09-14,34.559,35.056,34.529,34.539,616488,0
2005-09-15,34.47,35.095,34.392,34.996,686209,0
2005-09-16,35.085,35.283,34.896,35.243,1010899,0
2005-09-19,35.283,35.333,34.49,34.619,434770,0
2005-09-20,34.738,34.817,34.212,34.362,571386,0
2005-09-21,34.262,34.886,34.143,34.886,1491075,0
2005-09-22,34.856,34.926,34.362,34.362,794877,0
2005-09-23,34.392,34.539,34.242,34.282,480377,0
2005-09-26,34.609,34.778,34.252,34.262,546162,0
2005-09-27,35.085,35.183,34.569,34.807,966101,0
2005-09-28,34.807,35.163,34.738,35.065,1071640,0
2005-09-29,35.075,35.432,34.986,35.263,824642,0
2005-09-30,35.333,36.423,35.263,36.284,1607613,0
2005-10-03,36.086,36.274,35.51,36.204,965092,0
2005-10-04,36.135,36.601,36.086,36.214,1023815,0
2005-10-05,36.244,36.581,36.056,36.076,1143278,0
2005-10-06,36.076,36.076,35.343,35.55,911414,0
2005-10-07,35.402,35.6,34.906,35.233,1020889,0
2005-10-10,35.085,35.233,34.609,34.689,727174,0
2005-10-11,34.699,34.768,34.202,34.362,795078,0
2005-10-12,34.272,34.579,33.995,34.362,892243,0
2005-10-13,34.113,34.768,33.935,33.975,809507,0
2005-10-14,34.123,34.569,33.529,34.352,1060239,0
2005-10-17,34.272,34.729,34.153,34.689,586421,0
2005-10-18,34.639,34.936,34.549,34.906,836750,0
2005-10-19,34.689,35.263,34.48,35.233,1142269,0
2005-10-20,35.303,35.51,34.836,35.016,916458,0
2005-10-21,35.135,35.293,34.817,34.996,811423,0
2005-10-24,35.203,35.62,35.085,35.53,902737,0
2005-10-25,35.55,35.67,35.154,35.333,806782,0
2005-10-26,35.452,35.6,35.173,35.173,943399,0
2005-10-27,35.283,35.333,34.768,34.827,635457,0
2005-10-28,34.292,34.372,33.311,33.678,1597725,0
2005-10-31,34.045,34.441,34.005,34.252,1078199,0
2005-11-01,34.262,34.689,34.094,34.441,869037,0
2005-11-02,34.441,34.689,34.113,34.431,1307642,0
2005-11-03,33.995,34.045,32.428,32.597,2398655,0
2005-11-04,32.954,33.182,32.458,33.004,1305826,0
2005-11-07,32.231,32.914,32.221,32.478,1500155,0
2005-11-08,32.448,32.815,32.399,32.617,795987,0
2005-11-09,32.597,32.697,32.428,32.528,1041472,0
2005-11-10,32.498,32.875,32.369,32.755,856222,0
2005-11-11,32.647,32.746,32.548,32.627,471700,0
2005-11-14,32.577,32.746,32.34,32.448,743418,0
2005-11-15,32.35,32.548,32.221,32.448,890931,0
2005-11-16,32.498,32.657,31.973,32.092,389871,0
2005-11-17,32.012,32.528,31.983,32.508,538898,0
2005-11-18,32.508,33.261,32.508,33.221,1050452,0
2005-11-21,33.202,33.202,32.904,33.024,494704,0
2005-11-22,32.904,33.182,32.795,33.112,587834,0
2005-11-23,33.142,33.499,32.885,33.459,462215,0
2005-11-25,33.401,33.598,33.281,33.499,295733,0
2005-11-28,33.688,33.698,32.964,33.063,942996,0
2005-11-29,33.063,33.419,33.024,33.361,988501,0
2005-11-30,33.311,33.578,33.004,33.063,1013422,0
2005-12-01,33.092,33.401,32.914,33.014,984869,0
2005-12-02,33.112,33.152,32.865,32.904,677835,0
2005-12-05,32.855,33.004,32.577,32.835,912222,0
2005-12-06,32.924,33.044,32.34,32.35,1752199,0
2005-12-07,32.428,32.657,31.983,32.171,1024925,0
2005-12-08,32.34,33.142,32.34,32.785,1409650,0
2005-12-09,32.647,32.855,32.399,32.765,1460300,0
2005-12-12,32.765,32.964,32.716,32.944,859048,0
2005-12-13,32.825,32.894,32.468,32.805,653317,0
2005-12-14,32.805,33.132,32.706,33.014,684494,0
2005-12-15,32.954,32.974,32.151,32.577,810717,0
2005-12-16,32.567,32.855,32.359,32.508,768341,0
2005-12-19,32.528,32.587,32.092,32.151,749776,0
2005-12-20,32.062,32.171,31.755,32.072,989610,0
2005-12-21,32.082,32.627,32.082,32.3,619515,0
2005-12-22,32.3,32.647,32.26,32.577,461912,0
2005-12-23,32.587,32.647,32.25,32.399,607609,0
2005-12-27,32.567,32.795,32.409,32.409,542430,0
2005-12-28,32.409,32.755,32.25,32.667,508628,0
2005-12-29,32.577,32.657,32.26,32.33,392090,0
2005-12-30,32.111,32.31,32.022,32.221,538695,0
2006-01-03,32.687,32.687,32.111,32.647,1072246,0
2006-01-04,32.716,33.004,32.548,32.617,853196,0
2006-01-05,32.458,32.845,32.31,32.726,856324,0
2006-01-06,32.775,33.202,32.657,33.122,514278,0
2006-01-09,33.063,33.381,33.034,33.251,757646,0
2006-01-10,33.361,34.956,33.301,34.451,1741000,0
2006-01-11,34.192,34.242,33.747,33.905,1094645,0
2006-01-12,33.945,33.975,33.538,33.698,596007,0
2006-01-13,33.638,33.856,33.419,33.578,392898,0
2006-01-17,33.311,33.419,33.083,33.261,804765,0
2006-01-18,33.202,33.301,33.053,33.182,413783,0
2006-01-19,33.024,33.251,32.805,33.073,597822,0
2006-01-20,33.172,33.391,32.994,33.202,1010294,0
2006-01-23,33.172,33.381,33.004,33.083,735347,0
2006-01-24,33.073,33.152,32.687,32.984,1003333,0
2006-01-25,32.944,33.231,32.716,33.212,780952,0
2006-01-26,33.291,33.588,32.944,33.251,750985,0
2006-01-27,33.152,33.449,33.063,33.251,765112,0
2006-01-30,33.251,33.251,32.974,33.172,346081,0
2006-01-31,33.073,33.152,32.518,32.795,1062459,0
2006-02-01,32.736,32.954,32.33,32.924,886896,0
2006-02-02,32.558,32.607,31.854,32.042,1272832,0
2006-02-03,31.973,32.32,31.646,31.774,967110,0
2006-02-06,31.774,31.804,31.348,31.467,995866,0
2006-02-07,31.388,31.933,31.368,31.665,598630,0
2006-02-08,31.745,32.25,31.675,32.101,1076685,0
2006-02-09,32.052,32.29,31.765,31.904,774899,0
2006-02-10,31.904,31.914,31.447,31.844,587834,0
2006-02-13,31.765,32.003,31.636,31.834,744529,0
2006-02-14,31.904,32.26,31.864,32.111,1188683,0
2006-02-15,32.101,32.3,31.814,32.3,782870,0
2006-02-16,32.3,32.379,31.884,32.211,734338,0
2006-02-17,31.616,31.665,30.1,30.486,4017366,0
2006-02-21,29.158,30.327,29.158,29.564,1876709,0
2006-02-22,29.644,30.337,29.644,30.139,1528508,0
2006-02-23,30.04,30.229,29.653,29.733,1772984,0
2006-02-24,29.902,30.06,29.812,29.832,1006864,0
2006-02-27,29.98,30.377,29.971,30.09,856525,0
2006-02-28,29.98,30.02,29.584,29.713,1136922,0
2006-03-01,29.743,29.812,29.485,29.812,998186,0
2006-03-02,29.812,30.06,29.683,29.753,569974,0
2006-03-03,29.693,30.179,29.564,29.832,554032,0
2006-03-06,29.872,30.12,29.802,29.842,715773,0
2006-03-07,29.902,30.189,29.614,29.703,565232,0
2006-03-08,29.733,30.219,29.703,30.169,530220,0
2006-03-09,30.139,30.179,29.138,29.287,1373124,0
2006-03-10,29.297,29.673,29.267,29.287,701445,0
2006-03-13,28.99,28.99,27.652,28.742,4544357,0
2006-03-14,28.543,29.019,28.435,28.782,1326308,0
2006-03-15,28.92,29.129,28.841,29.059,733027,0
2006-03-16,29.049,29.653,28.91,29.237,1552118,0
2006-03-17,29.138,29.198,28.682,28.821,1126933,0
2006-03-20,28.792,29.396,28.772,29.089,1262843,0
2006-03-21,29.158,29.217,28.643,28.742,669864,0
2006-03-22,28.673,28.762,28.513,28.702,760470,0
2006-03-23,28.613,28.742,28.465,28.513,521644,0
2006-03-24,28.504,28.643,28.415,28.593,807791,0
2006-03-27,28.395,28.593,27.979,28.365,1216833,0
2006-03-28,28.286,28.465,28.156,28.266,671478,0
2006-03-29,28.256,28.613,28.256,28.513,405107,0
2006-03-30,28.513,28.722,28.276,28.415,582991,0
2006-03-31,28.405,28.752,28.395,28.484,739282,0
2006-04-03,28.653,28.93,28.563,28.752,1030171,0
2006-04-04,28.792,28.831,28.385,28.692,584303,0
2006-04-05,28.692,28.94,28.603,28.772,618406,0
2006-04-06,28.742,28.772,28.156,28.186,905158,0
2006-04-07,28.206,28.256,27.622,27.682,527799,0
2006-04-10,27.751,27.751,27.146,27.335,741097,0
2006-04-11,27.325,27.365,26.968,27.106,970843,0
2006-04-12,27.067,27.245,27.048,27.165,512462,0
2006-04-13,27.195,27.225,26.898,27.087,358290,0
2006-04-17,27.087,27.384,26.958,27.048,444254,0
2006-04-18,27.087,27.572,27.077,27.572,530422,0
2006-04-19,27.632,27.81,27.473,27.81,935730,0
2006-04-20,27.771,27.949,27.414,27.899,550803,0
2006-04-21,28.098,28.623,28.058,28.306,2030578,0
2006-04-24,28.296,28.533,27.959,28.445,874182,0
2006-04-25,28.494,28.543,28.058,28.296,846940,0
2006-04-26,28.445,28.653,28.306,28.385,698922,0
2006-04-27,28.346,28.475,28.038,28.078,557160,0
2006-04-28,28.118,28.336,27.771,28.186,546062,0
2006-05-01,28.196,28.92,28.196,28.762,1112404,0
2006-05-02,28.87,29.297,28.682,28.99,1171228,0
2006-05-03,28.89,29.237,28.831,29.049,850775,0
2006-05-04,29.019,29.227,28.702,28.772,1081327,0
2006-05-05,28.96,29.188,28.782,28.92,1085363,0
2006-05-08,28.95,30.209,28.95,29.723,1631625,0
2006-05-09,27.502,27.751,26.412,27.205,6897507,0
2006-05-10,27.255,27.355,26.561,26.711,2684097,0
2006-05-11,26.759,26.858,26.511,26.551,1048837,0
2006-05-12,26.551,27.008,26.364,26.394,1065687,0
2006-05-15,26.432,26.651,26.334,26.472,829787,0
2006-05-16,26.521,26.661,26.264,26.294,622744,0
2006-05-17,26.125,26.224,25.511,25.57,1274951,0
2006-05-18,25.57,25.729,25.333,25.372,926347,0
2006-05-19,25.501,25.69,25.233,25.323,917266,0
2006-05-22,25.243,25.372,25.164,25.203,856627,0
2006-05-23,25.273,25.372,24.856,24.886,1193828,0
2006-05-24,24.896,25.193,24.797,25.055,731512,0
2006-05-25,25.273,25.353,25.095,25.144,657050,0
2006-05-26,25.184,25.511,25.095,25.343,464939,0
2006-05-30,25.313,25.432,25.035,25.065,495613,0
2006-05-31,25.114,25.362,24.986,25.105,866616,0
2006-06-01,25.065,25.65,25.065,25.57,691961,0
2006-06-02,25.57,25.65,25.085,25.233,631118,0
2006-06-05,25.184,25.213,24.658,24.708,985978,0
2006-06-06,24.778,24.837,24.381,24.431,1181116,0
2006-06-07,24.461,24.649,24.321,24.401,814047,0
2006-06-08,24.302,24.47,23.984,24.351,899508,0
2006-06-09,24.441,24.658,24.401,24.619,912322,0
2006-06-12,24.768,24.976,24.441,24.48,627083,0
2006-06-13,24.51,24.559,24.024,24.143,676120,0
2006-06-14,24.212,24.579,23.856,24.134,815158,0
2006-06-15,24.054,24.837,24.054,24.788,700133,0
2006-06-16,24.876,24.976,24.292,24.361,1349212,0
2006-06-19,24.5,24.758,24.302,24.48,1225612,0
2006-06-20,24.371,24.51,24.024,24.084,743217,0
2006-06-21,23.955,24.014,23.3,23.46,1547982,0
2006-06-22,23.221,23.26,22.666,22.894,1594696,0
2006-06-23,22.666,23.093,22.656,23.003,1058019,0
2006-06-26,22.913,23.4,22.913,23.172,688429,0
2006-06-27,23.172,23.42,23.023,23.063,830494,0
2006-06-28,23.172,23.231,22.894,23.113,1381802,0
2006-06-29,23.182,23.39,23.033,23.231,1174254,0
2006-06-30,23.211,23.41,23.023,23.073,1248818,0
2006-07-03,23.192,23.637,23.182,23.519,602665,0
2006-07-05,23.46,23.46,23.123,23.34,1198772,0
2006-07-06,23.26,23.49,23.043,23.103,702959,0
2006-07-07,23.083,23.083,22.469,22.548,1173447,0
2006-07-10,22.548,22.796,22.379,22.499,967311,0
2006-07-11,22.449,22.626,22.359,22.419,685604,0
2006-07-12,22.489,22.746,22.299,22.538,1303101,0
2006-07-13,22.349,22.686,22.349,22.566,812837,0
2006-07-14,22.349,22.399,21.835,21.982,975787,0
2006-07-17,22.012,22.479,21.992,22.142,848352,0
2006-07-18,22.102,22.22,21.556,21.755,1079713,0
2006-07-19,21.775,22.162,21.685,21.835,900920,0
2006-07-20,21.902,22.032,21.358,21.478,1051763,0
2006-07-21,21.478,21.498,21.161,21.229,771670,0
2006-07-24,21.238,21.547,21.238,21.438,1188480,0
2006-07-25,21.328,21.575,21.298,21.408,1116137,0
2006-07-26,21.625,22.022,21.488,21.805,1552320,0
2006-07-27,21.805,22.022,21.675,21.825,859855,0
2006-07-28,21.785,22.289,21.785,22.22,802242,0
2006-07-31,22.152,22.359,22.022,22.192,671780,0
2006-08-01,22.102,22.479,21.942,22.052,630513,0
2006-08-02,22.052,22.646,22.012,22.528,806985,0
2006-08-03,22.528,22.646,22.192,22.349,960754,0
2006-08-04,22.419,22.746,22.299,22.389,415903,0
2006-08-07,22.239,22.289,21.575,21.795,1618005,0
2006-08-08,21.902,22.576,21.902,22.201,1614070,0
2006-08-09,23.707,24.143,23.3,23.637,2336703,0
2006-08-10,23.588,23.895,23.578,23.727,1241150,0
2006-08-11,23.767,24.193,23.647,24.064,930181,0
2006-08-14,24.361,24.549,24.163,24.212,1150139,0
2006-08-15,24.292,24.668,24.104,24.461,1260926,0
2006-08-16,24.688,25.203,24.658,25.045,933007,0
2006-08-17,24.976,25.273,24.866,25.164,728486,0
2006-08-18,25.203,25.55,25.055,25.372,719607,0
2006-08-21,25.293,25.471,25.045,25.065,865707,0
2006-08-22,25.105,25.53,25.085,25.432,688429,0
2006-08-23,25.343,25.65,24.936,24.936,571790,0
2006-08-24,25.105,25.55,25.105,25.412,600445,0
2006-08-25,25.333,25.451,25.193,25.293,425993,0
2006-08-28,25.273,25.422,25.243,25.303,513874,0
2006-08-29,25.392,25.59,25.203,25.323,616589,0
2006-08-30,25.362,25.69,25.313,25.382,838970,0
2006-08-31,25.432,25.511,25.193,25.412,445768,0
2006-09-01,25.58,25.808,25.471,25.63,465242,0
2006-09-05,25.768,25.818,25.52,25.55,544548,0
2006-09-06,25.372,25.57,25.154,25.481,407427,0
2006-09-07,25.56,25.768,25.382,25.501,797399,0
2006-09-08,25.501,25.887,25.432,25.788,704674,0
2006-09-11,25.59,25.977,25.53,25.778,689236,0
2006-09-12,25.7,26.027,25.62,25.857,646959,0
2006-09-13,25.759,25.857,25.59,25.857,427506,0
2006-09-14,25.917,26.155,25.788,26.125,495814,0
2006-09-15,26.432,26.928,26.254,26.829,1266072,0
2006-09-18,26.721,26.789,26.482,26.511,477551,0
2006-09-19,26.681,26.701,26.462,26.581,447786,0
2006-09-20,26.551,26.809,26.354,26.354,984363,0
2006-09-21,26.204,26.244,25.66,25.987,961157,0
2006-09-22,26.057,26.057,25.57,25.68,509939,0
2006-09-25,25.867,26.184,25.64,25.729,747758,0
2006-09-26,25.65,25.987,25.65,25.7,436687,0
2006-09-27,25.68,25.768,25.333,25.719,550198,0
2006-09-28,25.759,25.907,25.63,25.719,376250,0
2006-09-29,25.828,25.937,25.69,25.937,1263448,0
2006-10-02,26.066,26.125,25.69,25.7,447180,0
2006-10-03,25.709,26.294,25.65,26.066,517003,0
2006-10-04,26.194,26.284,25.867,26.234,391384,0
2006-10-05,26.184,26.442,26.086,26.244,493594,0
2006-10-06,26.334,26.661,26.165,26.621,520332,0
2006-10-09,26.561,26.651,26.304,26.511,423974,0
2006-10-10,26.561,26.561,25.372,25.56,1385636,0
2006-10-11,25.65,25.917,25.57,25.69,1066293,0
2006-10-12,25.867,25.897,25.481,25.69,659976,0
2006-10-13,25.788,26.135,25.67,26.066,717488,0
2006-10-16,26.204,26.404,26.105,26.224,610738,0
2006-10-17,26.324,26.412,26.155,26.174,532138,0
2006-10-18,26.324,26.701,26.174,26.472,891134,0
2006-10-19,26.422,26.432,26.007,26.105,589548,0
2006-10-20,26.105,26.214,25.967,26.165,685301,0
2006-10-23,26.224,26.631,26.115,26.621,808195,0
2006-10-24,26.521,26.681,26.254,26.621,575121,0
2006-10-25,26.621,26.799,26.364,26.731,611847,0
2006-10-26,26.74,26.75,26.364,26.601,489559,0
2006-10-27,26.511,26.571,26.224,26.432,574010,0
2006-10-30,26.462,26.601,26.155,26.314,509233,0
2006-10-31,26.284,26.701,26.284,26.671,618910,0
2006-11-01,26.759,26.888,26.194,26.194,600345,0
2006-11-02,26.066,26.095,25.768,25.967,949452,0
2006-11-03,25.967,26.165,25.847,25.967,554941,0
2006-11-06,25.997,26.105,25.937,26.105,831200,0
2006-11-07,26.105,26.165,25.69,26.017,852287,0
2006-11-08,25.223,25.223,24.094,24.341,2616191,0
2006-11-09,24.302,24.768,24.282,24.341,1928671,0
2006-11-10,24.5,24.728,24.47,24.619,803050,0
2006-11-13,24.549,24.748,24.321,24.49,1076384,0
2006-11-14,24.49,24.876,24.381,24.758,739988,0
2006-11-15,24.639,24.778,24.47,24.559,901325,0
2006-11-16,24.539,25.124,24.529,25.055,1025631,0
2006-11-17,24.807,25.233,24.797,24.946,1232977,0
2006-11-20,24.946,25.105,24.886,24.906,739382,0
2006-11-21,24.966,25.075,24.668,24.768,963276,0
2006-11-22,24.639,24.926,24.539,24.876,1450816,0
2006-11-24,24.748,24.976,24.728,24.847,288064,0
2006-11-27,24.788,24.896,24.668,24.778,1260724,0
2006-11-28,24.807,25.045,24.807,24.916,654729,0
2006-11-29,24.916,25.69,24.856,25.53,1077392,0
2006-11-30,25.481,25.58,25.213,25.441,972558,0
2006-12-01,25.432,25.61,25.055,25.461,1016752,0
2006-12-04,25.62,26.076,25.372,25.778,1153166,0
2006-12-05,25.729,25.847,25.412,25.54,946728,0
2006-12-06,25.57,25.58,25.213,25.372,842803,0
2006-12-07,25.432,25.57,25.124,25.253,775000,0
2006-12-08,25.303,25.471,25.075,25.392,905260,0
2006-12-11,25.441,25.461,25.243,25.402,922613,0
2006-12-12,25.412,25.66,25.392,25.61,1045912,0
2006-12-13,26.501,27.087,25.69,25.828,1430233,0
2006-12-14,25.818,26.304,25.798,26.165,1071237,0
2006-12-15,26.165,26.284,26.066,26.145,826155,0
2006-12-18,26.086,26.165,25.67,25.749,746849,0
2006-12-19,25.6,25.857,25.57,25.719,891033,0
2006-12-20,25.808,25.977,25.768,25.907,823128,0
2006-12-21,25.887,25.997,25.838,25.867,581880,0
2006-12-22,25.788,25.997,25.7,25.778,425790,0
2006-12-26,25.778,26.007,25.778,25.907,351227,0
2006-12-27,25.818,26.017,25.65,25.68,788722,0
2006-12-28,25.67,25.867,25.63,25.818,512260,0
2006-12-29,25.838,25.967,25.719,25.798,637577,0
2007-01-03,25.877,26.472,25.877,26.066,853096,0
2007-01-04,26.066,26.691,26.066,26.591,779338,0
2007-01-05,26.591,26.591,25.917,26.076,846335,0
2007-01-08,26.027,26.304,25.877,26.047,650088,0
2007-01-09,26.115,26.264,25.957,26.105,800022,0
2007-01-10,25.997,26.095,25.937,25.977,778229,0
2007-01-11,25.957,25.957,25.095,25.788,1541322,0
2007-01-12,25.788,25.808,25.65,25.749,1139141,0
2007-01-16,25.808,25.867,25.432,25.56,797500,0
2007-01-17,25.57,25.63,25.432,25.55,841290,0
2007-01-18,25.54,25.61,25.451,25.52,621029,0
2007-01-19,25.66,26.394,25.6,26.284,1345580,0
2007-01-22,26.284,26.404,26.017,26.314,1417217,0
2007-01-23,26.224,26.492,26.174,26.354,874586,0
2007-01-24,26.394,26.412,26.224,26.364,987290,0
2007-01-25,26.374,26.482,26.184,26.364,1020486,0
2007-01-26,26.364,26.472,26.234,26.344,1014028,0
2007-01-29,26.304,26.681,26.264,26.521,810920,0
2007-01-30,26.651,27.136,26.601,26.888,1196250,0
2007-01-31,26.819,27.018,26.611,26.978,796390,0
2007-02-01,26.978,27.463,26.819,27.375,1378170,0
2007-02-02,27.325,27.602,27.215,27.562,692566,0
2007-02-05,27.532,27.532,27.225,27.315,746950,0
2007-02-06,27.463,27.602,27.365,27.602,892546,0
2007-02-07,27.602,27.939,27.492,27.829,812837,0
2007-02-08,27.849,28.038,27.741,27.959,775100,0
2007-02-09,27.999,28.226,27.781,27.919,790235,0
2007-02-12,27.999,28.186,27.859,28.098,754109,0
2007-02-13,28.196,28.246,27.989,28.216,759101,0
2007-02-14,28.166,28.475,28.166,28.276,604218,0
2007-02-15,28.286,28.593,28.276,28.593,669662,0
2007-02-16,28.573,28.782,28.256,28.722,754720,0
2007-02-20,28.792,29.069,28.633,28.93,1214513,0
2007-02-21,28.93,29.079,28.782,29.049,916157,0
2007-02-22,29.059,29.168,28.831,29.019,1162348,0
2007-02-23,29.019,29.019,28.623,28.96,1304110,0
2007-02-26,28.95,29.089,28.156,28.156,1744096,0
2007-02-27,27.919,28.147,27.522,27.819,1639798,0
2007-02-28,26.511,27.879,26.037,26.125,5279906,0
2007-03-01,25.867,26.047,25.362,25.481,4329091,0
2007-03-02,25.372,25.69,25.223,25.491,1556961,0
2007-03-05,25.362,25.62,24.986,25.382,2234607,0
2007-03-06,25.461,25.729,25.313,25.709,1633240,0
2007-03-07,25.57,25.719,25.243,25.243,1721829,0
2007-03-08,25.372,25.491,25.283,25.353,995563,0
2007-03-09,25.392,25.68,25.273,25.65,1189186,0
2007-03-12,25.63,25.828,25.63,25.709,821312,0
2007-03-13,25.55,25.67,25.193,25.233,1015440,0
2007-03-14,25.134,25.283,24.847,25.223,1038042,0
2007-03-15,25.174,25.412,24.936,25.353,1170151,0
2007-03-16,25.412,25.54,25.273,25.293,844417,0
2007-03-19,25.293,25.313,24.986,25.184,853902,0
2007-03-20,25.065,25.154,24.797,25.055,1707704,0
2007-03-21,25.154,25.323,24.936,25.323,985002,0
2007-03-22,25.412,25.58,25.372,25.52,955002,0
2007-03-23,25.382,25.798,25.343,25.759,1389000,0
2007-03-26,26.066,26.601,26.066,26.234,1306532,0
2007-03-27,26.234,26.234,25.917,26.155,1064074,0
2007-03-28,26.076,26.145,25.778,26.017,980831,0
2007-03-29,26.066,26.344,26.027,26.334,1248868,0
2007-03-30,26.472,26.581,26.105,26.194,939767,0
2007-04-02,26.204,26.264,25.927,26.135,1080319,0
2007-04-03,26.254,26.364,26.165,26.224,1161036,0
2007-04-04,26.214,26.274,26.047,26.254,1234995,0
2007-04-05,26.194,26.511,26.194,26.442,609930,0
2007-04-09,26.432,26.501,26.214,26.254,860763,0
2007-04-10,26.294,27.008,26.294,26.888,1420699,0
2007-04-11,26.888,27.018,26.75,26.878,658160,0
2007-04-12,26.868,27.156,26.789,27.008,832252,0
2007-04-13,27.038,27.175,26.789,26.908,671043,0
2007-04-16,27.008,27.185,26.908,27.146,445163,0
2007-04-17,27.175,27.424,27.175,27.365,611847,0
2007-04-18,27.315,27.335,27.028,27.265,1004039,0
2007-04-19,27.205,27.424,26.938,27.067,942100,0
2007-04-20,27.255,27.434,27.185,27.404,926519,0
2007-04-23,27.375,27.473,27.215,27.305,472406,0
2007-04-24,27.305,27.404,27.205,27.305,416811,0
2007-04-25,27.384,27.602,27.185,27.532,491375,0
2007-04-26,27.512,27.662,27.205,27.345,617194,0
2007-04-27,27.305,27.404,27.067,27.205,547831,0
2007-04-30,27.175,27.325,27.028,27.058,755728,0
2007-05-01,27.058,29.892,27.048,29.257,4737477,0
2007-05-02,29.743,31.19,29.495,30.427,6012629,0
2007-05-03,30.347,30.447,29.812,30.447,1915155,0
2007-05-04,30.476,31.101,30.11,30.923,1869141,0
2007-05-07,30.923,31.13,30.615,30.684,1177130,0
2007-05-08,30.664,30.923,30.586,30.734,1183739,0
2007-05-09,30.724,31.24,30.654,31.051,1016046,0
2007-05-10,31.071,31.12,30.526,30.526,846940,0
2007-05-11,30.536,30.913,30.367,30.913,595401,0
2007-05-14,31.567,32.231,30.288,30.546,1033198,0
2007-05-15,30.664,30.774,30.586,30.684,795482,0
2007-05-16,30.734,30.952,30.556,30.923,895069,0
2007-05-17,30.754,31.101,30.654,30.943,1095607,0
2007-05-18,31.11,31.557,31.11,31.378,1141563,0
2007-05-21,31.348,31.467,30.417,30.624,1503175,0
2007-05-22,30.714,30.873,30.466,30.774,1266676,0
2007-05-23,30.783,31.061,30.654,30.744,913331,0
2007-05-24,30.923,31.021,30.615,30.704,1056607,0
2007-05-25,30.724,30.833,30.576,30.624,578954,0
2007-05-29,30.714,30.853,30.496,30.654,634549,0
2007-05-30,30.576,30.644,30.417,30.447,865909,0
2007-05-31,30.556,30.873,30.397,30.586,786300,0
2007-06-01,30.744,31.299,30.744,31.25,1037637,0
2007-06-04,31.22,31.428,31.101,31.25,1248614,0
2007-06-05,31.22,31.447,31.101,31.368,1392094,0
2007-06-06,31.21,31.299,30.803,30.981,1000205,0
2007-06-07,30.981,31.13,30.586,30.913,1321062,0
2007-06-08,30.823,31.18,30.664,31.17,781095,0
2007-06-11,31.071,31.2,30.903,30.952,910305,0
2007-06-12,30.07,30.913,30.01,30.496,945014,0
2007-06-13,30.754,31.11,30.586,31.11,1336801,0
2007-06-14,31.279,31.933,31.27,31.547,1444359,0
2007-06-15,31.914,31.963,31.537,31.646,837456,0
2007-06-18,31.606,31.854,31.338,31.824,684594,0
2007-06-19,31.834,32.062,31.655,32.052,1116715,0
2007-06-20,32.072,32.31,31.765,31.943,1293213,0
2007-06-21,31.983,32.984,31.794,32.587,1518934,0
2007-06-22,32.419,32.518,31.794,31.993,979830,0
2007-06-25,31.923,32.121,31.824,32.012,988298,0
2007-06-26,32.062,32.141,31.804,31.854,1018865,0
2007-06-27,31.715,32.022,31.626,31.973,1239636,0
2007-06-28,31.993,32.875,31.973,32.498,1209376,0
2007-06-29,32.617,32.845,31.993,32.241,1398551,0
2007-07-02,32.409,32.865,32.27,32.775,1681873,0
2007-07-03,32.944,32.944,32.617,32.706,602161,0
2007-07-05,32.716,32.736,32.3,32.498,758350,0
2007-07-06,32.508,32.657,32.32,32.627,622325,0
2007-07-09,32.607,32.835,32.409,32.736,901421,0
2007-07-10,32.677,32.954,32.508,32.627,653806,0
2007-07-11,32.627,32.755,32.428,32.597,787108,0
2007-07-12,32.607,33.053,32.369,33.053,958096,0
2007-07-13,33.053,33.083,32.677,32.746,691860,0
2007-07-16,32.765,33.588,32.765,33.391,1032392,0
2007-07-17,33.271,33.608,33.192,33.331,790968,0
2007-07-18,33.301,33.331,32.538,32.805,1294608,0
2007-07-19,32.845,33.162,32.845,32.914,899609,0
2007-07-20,32.924,32.924,32.33,32.389,989307,0
2007-07-23,32.607,33.281,32.597,32.755,929979,0
2007-07-24,32.667,32.954,32.31,32.32,630685,0
2007-07-25,32.409,32.409,31.655,31.814,1362084,0
2007-07-26,31.447,31.864,30,31.497,1612554,0
2007-07-27,30.615,31.655,30.516,30.536,1053681,0
2007-07-30,29.653,30.813,28.841,30.486,1196083,0
2007-07-31,30.754,30.933,30.04,30.149,1219752,0
2007-08-01,30.1,30.249,29.009,30.08,2085253,0
2007-08-02,32.012,33.044,30.674,31.457,2570438,0
2007-08-03,31.993,32.409,30.873,31.021,2153764,0
2007-08-06,31.11,31.794,31.041,31.745,1386748,0
2007-08-07,31.487,32.369,31.467,31.973,1419841,0
2007-08-08,31.933,32.171,30.02,30.268,2331961,0
2007-08-09,29.515,29.951,28.513,29.326,2676121,0
2007-08-10,30.209,30.961,29.049,30.843,2120078,0
2007-08-13,30.923,32.538,30.813,31.963,2137934,0
2007-08-14,32.092,32.111,31.081,31.24,1054892,0
2007-08-15,31.26,31.655,31.031,31.051,741115,0
2007-08-16,30.674,30.843,29.634,30.249,1662602,0
2007-08-17,30.427,31.001,29.287,29.971,1324088,0
2007-08-20,30.05,30.05,29.237,29.535,885181,0
2007-08-21,29.614,30.219,29.386,29.495,1554843,0
2007-08-22,29.862,30.249,29.683,30.239,1392296,0
2007-08-23,30.506,30.754,30.307,30.704,907277,0
2007-08-24,30.586,30.863,30.407,30.634,879026,0
2007-08-27,30.427,30.764,30.229,30.387,680862,0
2007-08-28,30.219,30.367,29.505,29.545,911616,0
2007-08-29,29.545,29.653,29.009,29.465,2071138,0
2007-08-30,29.376,29.584,29.049,29.267,659270,0
2007-08-31,29.267,29.763,29.237,29.555,650289,0
2007-09-04,28.673,30.387,28.673,30.387,811279,0
2007-09-05,31.101,31.784,30.05,30.367,1335691,0
2007-09-06,30.367,30.724,30.367,30.674,536577,0
2007-09-07,30.11,30.624,29.941,30.219,898701,0
2007-09-10,30.327,30.615,30.09,30.209,731815,0
2007-09-11,30.447,30.486,29.941,30.249,907277,0
2007-09-12,30.209,30.536,30.07,30.278,849765,0
2007-09-13,30.624,31.24,30.556,31.11,1199781,0
2007-09-14,30.952,31.031,30.605,30.833,1053681,0
2007-09-17,30.774,30.971,30.476,30.714,559682,0
2007-09-18,30.734,31.26,30.407,31.19,789226,0
2007-09-19,31.279,31.794,31.27,31.675,1001415,0
2007-09-20,31.587,31.725,31.457,31.457,417718,0
2007-09-21,31.695,31.804,31.13,31.418,690447,0
2007-09-24,31.24,31.596,31.16,31.438,587834,0
2007-09-25,31.348,31.864,31.081,31.447,589145,0
2007-09-26,32.211,32.241,31.071,31.943,589548,0
2007-09-27,31.774,31.943,31.23,31.685,1010699,0
2007-09-28,32.706,32.706,31.874,32.111,1074163,0
2007-10-01,32.022,32.092,31.477,31.655,826357,0
2007-10-02,31.844,32.211,31.646,31.894,532844,0
2007-10-03,31.765,31.993,31.537,31.824,444054,0
2007-10-04,31.834,32.241,31.626,31.675,276663,0
2007-10-05,31.675,31.874,31.517,31.646,401172,0
2007-10-08,31.557,31.655,31.338,31.577,411766,0
2007-10-09,31.695,31.824,31.11,31.22,1209569,0
2007-10-10,31.13,31.338,30.684,30.724,1113312,0
2007-10-11,30.427,30.933,30.159,30.169,778632,0
2007-10-12,30.298,30.684,30.04,30.526,422158,0
2007-10-15,30.437,30.596,30.189,30.288,716479,0
2007-10-16,30.298,30.605,30.219,30.337,797903,0
2007-10-17,30.714,30.714,30.229,30.327,1153571,0
2007-10-18,30.219,30.744,30.219,30.664,942390,0
2007-10-19,30.546,30.615,29.693,29.723,899104,0
2007-10-22,29.604,29.614,29.247,29.564,740897,0
2007-10-23,29.475,29.852,29.376,29.822,578853,0
2007-10-24,29.683,29.842,29.217,29.624,594392,0
2007-10-25,29.822,31.19,29.346,29.802,872972,0
2007-10-26,30.04,30.189,29.545,29.743,839473,0
2007-10-29,29.763,30.159,29.733,29.882,625064,0
2007-10-30,29.882,30.02,29.574,29.793,628596,0
2007-10-31,29.872,30.427,29.852,30.288,887299,0
2007-11-01,29.98,30.11,29.326,29.346,828879,0
2007-11-02,29.297,29.653,29.237,29.584,700603,0
2007-11-05,29.495,29.961,29.267,29.783,883243,0
2007-11-06,29.247,30.288,29.247,29.683,1096966,0
2007-11-07,29.842,29.842,28.533,28.573,1414226,0
2007-11-08,28.445,28.712,28.088,28.563,1125119,0
2007-11-09,28.256,28.772,28.176,28.513,860965,0
2007-11-12,28.326,28.702,28.236,28.256,970783,0
2007-11-13,28.346,28.365,27.81,28.118,784888,0
2007-11-14,28.088,28.346,27.849,27.869,854145,0
2007-11-15,27.721,28.138,27.702,27.829,855159,0
2007-11-16,27.959,28.038,27.325,27.492,1037957,0
2007-11-19,27.265,27.572,27.146,27.185,866801,0
2007-11-20,27.235,27.879,27.165,27.632,1010093,0
2007-11-21,27.434,27.542,27.048,27.048,856730,0
2007-11-23,27.067,27.672,27.048,27.622,287761,0
2007-11-26,27.552,27.741,26.858,26.928,808574,0
2007-11-27,27.018,27.592,27.018,27.532,872759,0
2007-11-28,27.532,28.475,27.454,28.475,1078228,0
2007-11-29,28.355,28.851,28.236,28.851,1326006,0
2007-11-30,29.237,29.237,28.782,29.049,1124594,0
2007-12-03,29.247,29.247,28.355,28.455,908589,0
2007-12-04,28.226,28.762,28.226,28.543,936992,0
2007-12-05,27.751,28.97,27.751,28.573,717185,0
2007-12-06,28.563,28.811,28.405,28.742,567381,0
2007-12-07,28.643,28.96,28.286,28.523,652509,0
2007-12-10,28.663,29.069,28.455,29.069,619430,0
2007-12-11,29.287,29.624,28.95,28.98,1039878,0
2007-12-12,29.525,29.624,28.019,28.365,985775,0
2007-12-13,28.415,28.742,28.138,28.682,704644,0
2007-12-14,28.385,28.851,27.702,27.702,1079873,0
2007-12-17,27.602,27.959,27.454,27.562,781053,0
2007-12-18,27.652,27.692,27.225,27.375,609527,0
2007-12-19,27.434,27.434,26.928,27.077,711838,0
2007-12-20,27.175,27.175,26.661,26.958,799123,0
2007-12-21,27.205,27.414,26.978,27.365,834036,0
2007-12-24,27.375,27.552,27.195,27.345,203168,0
2007-12-26,27.255,27.424,27.235,27.325,375240,0
2007-12-27,27.175,27.225,26.809,26.838,475239,0
2007-12-28,26.731,27.265,26.731,27.215,718790,0
2007-12-31,27.126,27.126,26.671,26.898,481752,0
2008-01-02,26.938,27.106,26.264,26.641,1248011,0
2008-01-03,26.809,26.809,26.364,26.511,893454,0
2008-01-04,26.314,26.412,25.808,25.847,879732,0
2008-01-07,26.086,26.105,25.739,25.967,1178676,0
2008-01-08,26.086,26.462,25.927,26.294,1365624,0
2008-01-09,26.274,27.008,26.264,26.948,1153643,0
2008-01-10,26.769,27.195,26.691,27.116,923263,0
2008-01-11,26.918,27.622,26.819,27.602,928566,0
2008-01-14,27.849,27.849,27.245,27.532,706385,0
2008-01-15,27.502,27.562,27.185,27.295,695745,0
2008-01-16,27.365,27.949,27.058,27.532,1052121,0
2008-01-17,27.562,27.582,27.038,27.048,813441,0
2008-01-18,27.275,27.473,26.194,26.324,1135005,0
2008-01-22,25.243,26.066,23.687,25.719,1488918,0
2008-01-23,25.055,25.61,24.778,25.511,1250853,0
2008-01-24,25.293,26.591,25.293,26.581,1555549,0
2008-01-25,26.878,26.878,25.957,26.135,1161047,0
2008-01-28,26.224,26.364,25.778,26.165,831727,0
2008-01-29,26.125,26.384,25.967,26.165,418747,0
2008-01-30,26.184,26.344,25.63,25.68,812103,0
2008-01-31,25.471,26.037,24.698,25.877,844381,0
2008-02-01,25.887,26.135,25.52,25.778,965597,0
2008-02-04,25.788,25.937,25.69,25.897,756397,0
2008-02-05,25.53,26.344,25.53,26.135,1371020,0
2008-02-06,26.135,26.541,26.027,26.135,910087,0
2008-02-07,25.947,26.155,25.53,26.105,1027548,0
2008-02-08,26.047,26.066,25.243,25.768,788621,0
2008-02-11,25.857,25.927,25.353,25.52,937880,0
2008-02-12,25.749,26.076,25.57,26.047,1419051,0
2008-02-13,26.274,26.591,26.105,26.551,908926,0
2008-02-14,26.948,28.206,26.769,28.176,2481280,0
2008-02-15,28.128,28.246,27.542,27.692,1610438,0
2008-02-19,28.266,28.523,27.829,28.068,1792341,0
2008-02-20,28.058,28.068,27.315,27.959,2823212,0
2008-02-21,28.176,28.176,26.731,27.018,2331795,0
2008-02-22,27.175,27.345,26.759,27.335,955736,0
2008-02-25,27.355,28.009,27.355,27.939,1380817,0
2008-02-26,27.999,28.613,27.829,28.455,2162008,0
2008-02-27,28.276,28.742,27.741,27.899,2030174,0
2008-02-28,27.622,28.058,27.592,27.662,1510901,0
2008-02-29,27.463,27.819,27.215,27.562,2217839,0
2008-03-03,27.502,27.512,27.097,27.255,1632163,0
2008-03-04,27.038,27.81,27.038,27.721,2274949,0
2008-03-05,27.801,28.226,27.552,27.899,2426906,0
2008-03-06,27.81,27.929,27.463,27.542,1485219,0
2008-03-07,27.404,27.592,27.097,27.414,1973671,0
2008-03-10,27.285,27.771,27.235,27.355,1666335,0
2008-03-11,27.819,28.088,27.077,27.622,2373867,0
2008-03-12,27.731,27.751,27.205,27.285,1026842,0
2008-03-13,27.018,27.849,26.769,27.702,1436993,0
2008-03-14,27.702,27.869,26.908,27.315,1335108,0
2008-03-17,28.166,28.166,26.601,27.751,1679048,0
2008-03-18,28.216,28.643,27.81,28.573,1143908,0
2008-03-19,28.653,29.009,28.415,28.415,1545967,0
2008-03-20,28.435,28.533,28.088,28.484,946593,0
2008-03-24,28.623,29.029,28.385,28.851,711361,0
2008-03-25,28.92,29.207,28.692,28.802,867513,0
2008-03-26,28.643,29.019,28.633,28.86,896381,0
2008-03-27,29.129,29.198,28.792,28.841,820405,0
2008-03-28,29.119,29.297,28.94,29.079,964577,0
2008-03-31,28.96,29.119,28.513,29.059,885889,0
2008-04-01,29.207,30.327,29.059,30.249,1192618,0
2008-04-02,30.04,30.307,28.811,29.009,2069620,0
2008-04-03,29.089,29.089,28.475,28.742,1476949,0
2008-04-04,28.762,29.178,28.762,29,478767,0
2008-04-07,29.158,30,29.059,29.763,1339555,0
2008-04-08,29.812,30.189,29.634,29.98,773760,0
2008-04-09,29.852,29.971,29.227,29.356,602480,0
2008-04-10,29.495,29.733,29.346,29.564,704875,0
2008-04-11,29.287,29.763,29.138,29.207,736153,0
2008-04-14,29.138,29.386,28.91,29.069,464446,0
2008-04-15,29.217,29.217,28.643,28.643,700770,0
2008-04-16,28.772,29.376,28.722,29.376,699631,0
2008-04-17,29.505,29.555,29.089,29.247,422637,0
2008-04-18,29.495,29.842,27.829,29.555,640053,0
2008-04-21,29.911,29.911,24.807,28.97,745513,0
2008-04-22,28.782,28.88,28.316,28.425,718897,0
2008-04-23,28.782,29.178,28.425,29.029,827357,0
2008-04-24,29.119,29.119,28.543,28.782,429822,0
2008-04-25,28.553,29.227,28.543,29.227,444947,0
2008-04-28,29.287,29.426,28.663,28.88,761163,0
2008-04-29,29.783,32.409,29.485,30.863,3465124,0
2008-04-30,30.783,31.507,30.367,30.764,1455875,0
2008-05-01,31.001,31.19,29.366,29.594,2328949,0
2008-05-02,29.773,29.802,28.98,29.227,929656,0
2008-05-05,29.039,29.049,28.346,28.692,1084261,0
2008-05-06,28.513,29.277,28.513,29.247,1196115,0
2008-05-07,29.366,29.515,28.166,28.226,578281,0
2008-05-08,27.969,28.156,27.652,27.949,702854,0
2008-05-09,27.791,28.058,27.542,28.029,753276,0
2008-05-12,27.473,28.108,27.473,28.068,484171,0
2008-05-13,28.156,28.336,27.404,27.492,1040773,0
2008-05-14,27.711,28.326,27.492,28.296,1333223,0
2008-05-15,28.118,28.475,28.009,28.306,1013040,0
2008-05-16,28.236,28.336,27.959,28.276,588671,0
2008-05-19,28.166,28.435,28.138,28.276,623939,0
2008-05-20,28.166,28.583,28.166,28.326,636712,0
2008-05-21,28.494,28.494,27.711,27.989,961379,0
2008-05-22,27.979,28.355,27.949,28.306,492066,0
2008-05-23,28.296,28.346,28.019,28.118,408167,0
2008-05-27,28.286,28.435,28.019,28.166,692933,0
2008-05-28,28.246,28.286,27.542,27.889,829453,0
2008-05-29,27.781,28.038,27.612,28.029,606277,0
2008-05-30,28.029,28.395,28.029,28.306,814199,0
2008-06-02,29.217,29.217,27.869,27.929,755812,0
2008-06-03,26.878,28.068,26.878,27.869,1034541,0
2008-06-04,27.612,28.078,27.582,28.009,851996,0
2008-06-05,28.138,28.484,27.791,28.375,810968,0
2008-06-06,28.098,28.762,28.068,28.138,1033253,0
2008-06-09,28.038,28.276,27.404,27.532,784925,0
2008-06-10,27.384,27.502,27.126,27.185,831253,0
2008-06-11,27.008,27.165,26.651,26.701,965893,0
2008-06-12,26.661,27.235,26.661,27.156,793757,0
2008-06-13,27.522,27.532,27.185,27.394,803411,0
2008-06-16,27.275,27.454,27.097,27.315,574587,0
2008-06-17,27.532,27.612,26.958,27.008,866627,0
2008-06-18,26.759,27.126,26.492,26.511,746677,0
2008-06-19,26.452,26.75,26.254,26.651,920985,0
2008-06-20,26.621,26.701,26.274,26.462,972020,0
2008-06-23,26.74,26.74,25.768,26.442,1805016,0
2008-06-24,26.374,26.591,26.184,26.511,652716,0
2008-06-25,26.661,27.502,26.482,27.305,1052858,0
2008-06-26,27.295,27.305,26.731,26.928,934348,0
2008-06-27,26.928,26.968,26.621,26.711,1293727,0
2008-06-30,26.671,27.215,26.651,26.928,626487,0
2008-07-01,26.711,27.058,26.681,26.988,832821,0
2008-07-02,26.918,27.305,26.829,26.928,876895,0
2008-07-03,27.146,27.295,26.898,27.008,426669,0
2008-07-07,27.136,27.215,26.691,26.978,1395265,0
2008-07-08,27.116,27.562,26.988,27.502,1157736,0
2008-07-09,27.483,28.147,27.335,27.819,1002706,0
2008-07-10,27.959,28.286,27.791,28.088,1129653,0
2008-07-11,27.849,28.306,27.622,28.138,995915,0
2008-07-14,28.186,28.653,27.949,28.216,854626,0
2008-07-15,28.108,28.415,27.829,28.216,1143297,0
2008-07-16,28.048,28.425,28.038,28.216,621200,0
2008-07-17,28.306,29.346,28.306,29.257,1473608,0
2008-07-18,29.207,29.753,27.81,29.634,1398650,0
2008-07-21,28.455,29.693,28.455,29.039,1037972,0
2008-07-22,29.257,29.773,29.049,29.634,1342107,0
2008-07-23,29.733,29.911,29.366,29.753,1017631,0
2008-07-24,29.802,29.98,29.366,29.406,1037083,0
2008-07-25,29.525,29.535,29.247,29.426,581539,0
2008-07-28,29.237,29.436,28.99,29.009,651079,0
2008-07-29,29.129,29.207,28.841,28.95,698293,0
2008-07-30,28.95,29.426,28.633,29.009,896942,0
2008-07-31,28.92,29.237,28.653,28.653,1084520,0
2008-08-01,28.643,29.356,28.643,29.148,871480,0
2008-08-04,29.009,29.287,28.87,29.109,684024,0
2008-08-05,29.119,29.564,29.069,29.535,1158526,0
2008-08-06,28.811,29.495,28.633,28.94,1171874,0
2008-08-07,28.702,28.742,27.791,28.118,1348947,0
2008-08-08,28.009,28.623,27.899,28.455,558955,0
2008-08-11,28.573,28.573,28.256,28.365,965765,0
2008-08-12,28.465,28.465,28.058,28.098,704465,0
2008-08-13,28.176,28.266,27.869,28.098,935468,0
2008-08-14,28.445,30.08,27.959,29.247,3665963,0
2008-08-15,29.495,31.101,29.257,30.387,2867726,0
2008-08-18,30.546,30.644,29.842,30.149,1264605,0
2008-08-19,30.05,30.1,29.277,29.376,1187210,0
2008-08-20,29.386,29.386,28.831,29.188,960595,0
2008-08-21,28.851,29.446,28.851,29.346,689490,0
2008-08-22,29.733,30.526,29.406,30.417,1192887,0
2008-08-25,30.536,30.536,29.733,29.892,727663,0
2008-08-26,29.793,30.06,29.475,29.624,898198,0
2008-08-27,29.505,29.663,29.336,29.426,710026,0
2008-08-28,29.564,29.812,29.495,29.812,716235,0
2008-08-29,29.783,30.229,29.743,30.04,1209547,0
2008-09-02,30.634,30.674,30.139,30.268,1298896,0
2008-09-03,30.149,30.654,30.149,30.506,1255821,0
2008-09-04,30.258,30.546,29.822,29.99,992044,0
2008-09-05,29.872,30.08,29.247,29.683,801690,0
2008-09-08,30.169,30.456,29.683,30.05,701890,0
2008-09-09,30.317,30.387,29.436,29.475,972268,0
2008-09-10,29.683,29.822,29,29.198,885125,0
2008-09-11,28.89,29.287,28.752,29.287,1048024,0
2008-09-12,29.227,29.653,28.99,29.545,757076,0
2008-09-15,29.138,29.535,28.663,29.049,780007,0
2008-09-16,27.939,28.543,27.018,28.196,2564559,0
2008-09-17,27.771,28.048,26.422,26.731,2090848,0
2008-09-18,27.048,27.522,26.492,27.345,1985253,0
2008-09-19,28.246,29.019,27.751,28.038,1560480,0
2008-09-22,28.722,29.673,27.672,28.653,1610473,0
2008-09-23,29.089,29.574,28.831,29,1191183,0
2008-09-24,29.109,29.119,28.504,28.87,1066010,0
2008-09-25,29.217,29.237,28.722,28.841,980995,0
2008-09-26,28.563,28.841,28.296,28.543,980247,0
2008-09-29,28.246,28.643,27.067,27.285,977473,0
2008-09-30,27.365,28.296,26.888,28.246,1405090,0
2008-10-01,28.029,29.386,28.029,28.712,1580114,0
2008-10-02,28.613,29.168,27.741,27.849,1299801,0
2008-10-03,28.196,28.236,27.265,27.295,1124599,0
2008-10-06,26.848,27.165,24.876,26.482,1831223,0
2008-10-07,26.482,26.918,25.372,25.372,1225692,0
2008-10-08,24.996,25.847,24.401,24.411,2027059,0
2008-10-09,24.589,24.658,22.836,22.836,1525222,0
2008-10-10,22.062,22.606,19.99,21.041,2671297,0
2008-10-13,21.575,23.033,21.238,23.033,1242524,0
2008-10-14,23.807,23.807,21.745,23.251,1717579,0
2008-10-15,22.983,23.33,21.438,21.517,2035557,0
2008-10-16,21.458,22.082,20.417,22.002,2245762,0
2008-10-17,21.488,23.093,21.358,22.499,2135433,0
2008-10-20,22.309,23.192,22.309,23.063,1633996,0
2008-10-21,22.786,23.677,22.786,23.241,1531431,0
2008-10-22,22.548,23.053,22.229,22.616,2636009,0
2008-10-23,22.616,23.31,21.517,22.616,1735555,0
2008-10-24,21.388,22.746,20.536,21.418,1423703,0
2008-10-27,21.458,22.884,21.041,22.249,1914703,0
2008-10-28,22.736,23.915,21.892,23.915,1498786,0
2008-10-29,24.331,25.857,23.945,24.5,2048566,0
2008-10-30,24.728,25.6,24.451,25.6,1734049,0
2008-10-31,25.709,26.878,25.56,25.937,1334097,0
2008-11-03,25.847,26.711,25.818,26.274,912122,0
2008-11-04,26.651,26.958,25.857,26.264,949901,0
2008-11-05,26.165,26.165,24.5,24.728,1741128,0
2008-11-06,24.183,24.728,23.677,24.351,1680605,0
2008-11-07,24.441,25.075,23.697,24.599,1460779,0
2008-11-10,24.976,25.213,24.212,24.559,628244,0
2008-11-11,24.193,24.421,23.558,23.817,851097,0
2008-11-12,23.39,23.529,22.706,22.776,991145,0
2008-11-13,22.973,23.637,21.864,23.637,1327565,0
2008-11-14,23.31,24.114,23.043,23.4,1373366,0
2008-11-17,23.073,23.667,22.566,22.576,1100935,0
2008-11-18,22.557,23.39,22.329,22.923,1886929,0
2008-11-19,22.865,23.28,21.932,21.942,1291346,0
2008-11-20,21.755,22.279,20.526,20.575,2010015,0
2008-11-21,22.21,22.21,20.01,21.835,1595166,0
2008-11-24,22.092,22.875,21.575,22.686,1399250,0
2008-11-25,23.023,23.4,22.299,22.983,1441319,0
2008-11-26,22.646,23.47,22.162,23.32,916175,0
2008-11-28,23.627,23.777,23.31,23.538,492728,0
2008-12-01,23.123,24.371,22.586,22.586,1138416,0
2008-12-02,22.776,23.36,22.409,23.36,953788,0
2008-12-03,22.913,23.935,22.656,23.915,1600507,0
2008-12-04,23.588,24.034,22.399,22.726,1317758,0
2008-12-05,22.766,23.588,21.962,23.39,1197498,0
2008-12-08,23.807,23.955,23.42,23.757,1115575,0
2008-12-09,23.27,24.054,23.251,23.588,1160419,0
2008-12-10,23.787,24.193,23.667,23.875,1329877,0
2008-12-11,23.617,23.984,23.211,23.41,1317555,0
2008-12-12,22.796,23.757,22.746,23.588,940682,0
2008-12-15,23.627,23.727,23.073,23.4,888383,0
2008-12-16,23.538,24.529,23.538,24.52,1139658,0
2008-12-17,24.341,24.876,23.856,24.461,1025349,0
2008-12-18,24.539,24.788,23.856,24.094,1069051,0
2008-12-19,24.341,24.549,24.084,24.173,1828984,0
2008-12-22,24.252,24.341,23.856,24.212,1036044,0
2008-12-23,24.361,24.421,24.074,24.321,1186056,0
2008-12-24,24.451,24.451,24.084,24.302,292130,0
2008-12-26,24.381,24.411,24.024,24.361,393280,0
2008-12-29,24.331,24.966,23.984,24.896,1210689,0
2008-12-30,25.174,25.7,25.065,25.64,1201931,0
2008-12-31,25.412,26.462,25.412,26.334,901181,0
2009-01-02,26.442,26.462,25.798,26.066,1260748,0
2009-01-05,25.937,26.115,24.807,24.966,1953100,0
2009-01-06,25.134,25.193,24.441,24.619,1663378,0
2009-01-07,24.351,24.936,24.292,24.52,1290073,0
2009-01-08,24.47,24.698,24.143,24.451,1006931,0
2009-01-09,24.451,24.668,23.945,24.391,993268,0
2009-01-12,24.391,24.411,24.034,24.183,829119,0
2009-01-13,24.173,24.421,23.945,24.143,728077,0
2009-01-14,23.817,23.984,23.42,23.807,1300046,0
2009-01-15,23.836,24.47,23.499,24.311,1013610,0
2009-01-16,24.539,24.768,23.994,24.461,1248509,0
2009-01-20,24.461,24.52,23.509,23.647,1270610,0
2009-01-21,23.905,24.114,22.846,23.529,1244981,0
2009-01-22,24.114,25.045,23.757,24.778,2522459,0
2009-01-23,24.232,25.203,24.232,24.956,929006,0
2009-01-26,25.144,26.115,25.124,25.967,1741644,0
2009-01-27,26.145,26.641,25.997,26.561,1649451,0
2009-01-28,26.759,27.146,26.561,27.097,1572867,0
2009-01-29,26.74,26.978,26.621,26.721,1508267,0
2009-01-30,26.779,27.335,26.779,27.038,1654976,0
2009-02-02,26.819,27.325,26.501,26.918,1355725,0
2009-02-03,27.018,27.801,26.868,27.582,1678186,0
2009-02-04,27.632,27.929,27.215,27.375,1296932,0
2009-02-05,27.136,27.721,26.928,27.502,1042118,0
2009-02-06,27.602,28.316,27.502,28.166,1525303,0
2009-02-09,28.176,28.425,27.682,28.316,1400758,0
2009-02-10,28.068,28.336,27.444,27.702,1443657,0
2009-02-11,27.869,28.613,27.642,28.346,1654006,0
2009-02-12,27.999,29.158,27.869,29.158,1773867,0
2009-02-13,29.049,29.168,28.633,28.792,1136874,0
2009-02-17,27.919,28.673,27.077,28.385,1475075,0
2009-02-18,28.523,28.9,27.959,28.673,2240890,0
2009-02-19,29.763,30.774,29.267,29.545,4335972,0
2009-02-20,29.396,29.733,28.96,29.545,2450669,0
2009-02-23,29.713,30.03,28.831,28.841,2388391,0
2009-02-24,29.119,29.98,28.99,29.624,2562237,0
2009-02-25,29.535,30.06,29.049,29.683,1994419,0
2009-02-26,29.783,30,28.019,28.266,2757022,0
2009-02-27,27.919,28.484,27.741,28.019,4016878,0
2009-03-02,27.255,27.255,25.085,25.193,4178039,0
2009-03-03,25.451,25.907,25.213,25.402,2301168,0
2009-03-04,25.61,26.404,25.53,26.264,3109426,0
2009-03-05,25.67,26.452,25.67,26.155,2366286,0
2009-03-06,26.264,26.651,25.59,26.125,1971071,0
2009-03-09,26.115,26.759,25.987,26.174,1251277,0
2009-03-10,26.354,27.572,26.264,27.502,2365437,0
2009-03-11,27.552,27.751,26.988,27.097,1726370,0
2009-03-12,27.008,28.336,26.898,28.108,1776525,0
2009-03-13,27.692,28.504,27.682,28.316,1788395,0
2009-03-16,29.188,29.237,28.375,28.425,1556123,0
2009-03-17,28.385,28.92,27.929,28.92,1248233,0
2009-03-18,28.831,28.94,28.176,28.395,1478149,0
2009-03-19,28.355,28.553,27.483,27.612,1313802,0
2009-03-20,27.632,27.909,27.205,27.315,1338282,0
2009-03-23,27.751,28.246,27.315,28.226,1085087,0
2009-03-24,27.989,29.059,27.492,28.108,1390743,0
2009-03-25,27.939,28.742,27.869,28.455,1435181,0
2009-03-26,28.563,29.545,28.543,29.029,1504014,0
2009-03-27,28.742,29.129,28.445,28.504,1041223,0
2009-03-30,28.355,28.653,28.019,28.583,709401,0
2009-03-31,28.692,32.657,28.583,30.833,9166742,0
2009-04-01,30.239,30.624,29.663,29.99,3228517,0
2009-04-02,30.456,30.644,29.426,29.693,2386358,0
2009-04-03,29.882,29.931,28.99,29.574,1236021,0
2009-04-06,29.307,30.01,29.138,29.515,1338746,0
2009-04-07,29.168,29.475,28.722,28.811,908873,0
2009-04-08,28.821,29.307,28.762,29.119,1014518,0
2009-04-09,29.723,30.367,28.91,29.069,814427,0
2009-04-13,28.92,29.683,28.851,29.426,1034850,0
2009-04-14,29.326,29.535,28.752,29.129,1179155,0
2009-04-15,29,29.406,28.762,29.386,935265,0
2009-04-16,29.475,29.971,29.346,29.812,960768,0
2009-04-17,29.832,30.229,28.95,30.09,934669,0
2009-04-20,29.555,30,29.436,29.505,833849,0
2009-04-21,29.317,31.12,28.97,30.536,3927887,0
2009-04-22,30.239,30.387,29.485,29.822,1319202,0
2009-04-23,29.029,30.684,28.762,30.624,2213268,0
2009-04-24,30.684,31.765,30.496,31.606,2199339,0
2009-04-27,31.715,31.963,30.546,30.664,1734669,0
2009-04-28,30.724,31.11,29.594,30.367,1726353,0
2009-04-29,30.734,31.15,29.832,30.863,1331666,0
2009-04-30,31.685,32.201,29.941,30.664,2317245,0
2009-05-01,30.387,30.754,29.465,29.921,1689961,0
2009-05-04,29.98,30.07,29.287,29.852,1322081,0
2009-05-05,29.743,29.872,29.456,29.763,1517794,0
2009-05-06,30.01,30.01,29,29.436,1593174,0
2009-05-07,29.624,29.753,29.138,29.475,2056107,0
2009-05-08,29.783,30,29.089,29.733,1642542,0
2009-05-11,29.644,29.802,29.188,29.574,977576,0
2009-05-12,29.723,30.09,29.574,29.961,1007546,0
2009-05-13,29.693,30.377,29.555,30.258,1498496,0
2009-05-14,30.239,31.14,30.04,30.664,2124423,0
2009-05-15,30.556,30.556,29.564,29.733,2338844,0
2009-05-18,29.812,31.338,29.733,30.556,2051278,0
2009-05-19,30.596,31.13,30.447,31.041,1347188,0
2009-05-20,31.19,31.348,30.664,30.754,1203248,0
2009-05-21,30.516,30.674,29.495,29.584,1538838,0
2009-05-22,29.584,29.931,29.376,29.673,1314263,0
2009-05-26,29.535,29.902,29.247,29.793,1715415,0
2009-05-27,29.832,30.327,29.653,29.802,1975863,0
2009-05-28,29.98,30.278,29.515,29.663,1309890,0
2009-05-29,29.783,30.07,29.456,29.98,3510520,0
2009-06-01,30.317,30.476,30.01,30.288,1413432,0
2009-06-02,30.337,30.863,30.249,30.387,1620387,0
2009-06-03,30.229,30.377,29.862,30.09,1085067,0
2009-06-04,30.189,30.526,29.961,30.347,1217092,0
2009-06-05,30.417,30.506,29.862,30.169,1169022,0
2009-06-08,29.941,30.229,29.783,29.842,1296518,0
2009-06-09,29.971,30.11,29.584,29.733,1051149,0
2009-06-10,29.247,30.11,28.9,29.515,1089007,0
2009-06-11,29.495,29.98,29.485,29.584,1258781,0
2009-06-12,29.505,29.743,29.089,29.644,837855,0
2009-06-15,29.336,29.336,28.782,28.92,1124226,0
2009-06-16,28.89,29.257,28.475,28.583,1116696,0
2009-06-17,27.81,30.407,27.81,30,3488872,0
2009-06-18,29.99,32.042,29.931,31.616,3633367,0
2009-06-19,31.894,32.171,31.001,31.318,2630053,0
2009-06-22,30.971,31.507,30.714,31.27,1746678,0
2009-06-23,31.12,31.874,31.091,31.695,2117318,0
2009-06-24,31.844,32.815,31.2,31.735,1476352,0
2009-06-25,31.765,33.251,31.646,33.102,2057242,0
2009-06-26,33.152,33.152,32.498,33.092,2129149,0
2009-06-29,33.172,33.668,32.894,33.578,1413880,0
2009-06-30,33.598,33.598,33.053,33.391,1263558,0
2009-07-01,32.954,33.945,32.885,33.618,1409310,0
2009-07-02,33.261,33.381,32.687,32.885,1500421,0
2009-07-06,32.785,33.538,32.785,33.449,1381110,0
2009-07-07,33.449,33.698,33.331,33.41,1153159,0
2009-07-08,33.628,33.747,33.361,33.459,1176029,0
2009-07-09,33.449,33.668,32.934,33.073,1789550,0
2009-07-10,33.034,33.291,32.32,32.765,1573428,0
2009-07-13,32.736,33.221,32.607,33.221,1211295,0
2009-07-14,32.706,33.341,32.617,33.202,1229369,0
2009-07-15,33.509,33.945,33.053,33.202,1401413,0
2009-07-16,33.202,33.202,32.607,33.004,1770424,0
2009-07-17,32.954,33.429,32.587,32.944,1288898,0
2009-07-20,32.974,33.044,32.32,32.706,1040763,0
2009-07-21,32.944,33.271,32.508,33.231,1274563,0
2009-07-22,33.024,33.598,32.875,33.152,1050200,0
2009-07-23,33.202,34.103,33.182,33.885,1259661,0
2009-07-24,33.786,34.272,33.786,34.192,618762,0
2009-07-27,34.262,34.679,33.658,34.609,1283924,0
2009-07-28,34.5,34.669,33.945,34.342,1316769,0
2009-07-29,34.183,35.135,33.449,34.441,2331479,0
2009-07-30,34.768,35.036,34.47,34.629,1018101,0
2009-07-31,34.619,35.016,34.392,34.421,888791,0
2009-08-03,34.282,34.619,33.529,34.599,851242,0
2009-08-04,34.926,35.036,34.202,34.896,1504415,0
2009-08-05,34.976,34.976,34.035,34.272,857871,0
2009-08-06,34.352,34.431,33.738,33.836,1018121,0
2009-08-07,33.856,34.342,33.806,34.153,563678,0
2009-08-10,34.025,34.292,33.708,34.005,653715,0
2009-08-11,34.005,34.738,33.728,34.579,1065779,0
2009-08-12,34.46,34.788,34.252,34.322,862956,0
2009-08-13,34.322,34.431,34.035,34.143,810664,0
2009-08-14,34.322,34.332,33.628,34.065,802309,0
2009-08-17,33.965,34.302,33.806,34.212,1105121,0
2009-08-18,34.192,34.559,34.015,34.302,647114,0
2009-08-19,34.262,34.778,34.262,34.748,764275,0
2009-08-20,34.798,34.986,34.382,34.896,753054,0
2009-08-21,34.866,35.323,34.798,34.926,722471,0
2009-08-24,35.085,35.243,34.798,34.886,928294,0
2009-08-25,34.956,35.173,34.778,34.788,1201303,0
2009-08-26,34.788,34.866,34.539,34.768,757430,0
2009-08-27,34.768,34.807,34.232,34.709,1064273,0
2009-08-28,34.798,35.085,34.51,35.036,905333,0
2009-08-31,35.193,35.193,34.679,34.976,757997,0
2009-09-01,35.095,35.343,34.539,34.629,997807,0
2009-09-02,34.609,34.798,34.232,34.262,993312,0
2009-09-03,34.332,34.332,34.005,34.163,502318,0
2009-09-04,34.282,34.589,34.035,34.5,905043,0
2009-09-08,34.669,34.669,34.272,34.49,937595,0
2009-09-09,34.559,35.957,34.322,35.857,1765301,0
2009-09-10,35.818,36.017,35.432,35.977,910641,0
2009-09-11,36.195,36.195,35.808,36.106,582615,0
2009-09-14,36.056,36.145,35.887,35.907,488891,0
2009-09-15,35.927,35.927,35.075,35.273,1096954,0
2009-09-16,35.442,35.51,34.689,35.5,1027380,0
2009-09-17,35.432,35.818,35.353,35.739,1183365,0
2009-09-18,35.828,36.651,35.789,36.482,1577672,0
2009-09-21,36.007,36.453,35.769,36.106,860688,0
2009-09-22,36.284,36.393,35.422,35.53,809930,0
2009-09-23,35.452,35.828,35.115,35.62,1433257,0
2009-09-24,35.719,35.838,35.472,35.71,681064,0
2009-09-25,35.65,36.175,35.57,35.66,753172,0
2009-09-28,35.799,36.621,35.64,36.542,713280,0
2009-09-29,36.047,36.869,35.7,36.671,775017,0
2009-09-30,36.641,36.71,35.838,36.314,856791,0
2009-10-01,36.324,36.502,35.273,35.343,840997,0
2009-10-02,35.095,35.462,34.549,35.363,1137605,0
2009-10-05,35.333,36.364,35.065,36.344,1169243,0
2009-10-06,36.423,36.581,36.096,36.165,719350,0
2009-10-07,36.037,36.393,35.719,36.393,601168,0
2009-10-08,36.601,36.819,36.492,36.671,795325,0
2009-10-09,36.691,36.889,36.532,36.789,620982,0
2009-10-12,36.809,37.573,36.75,37.503,743386,0
2009-10-13,37.414,37.721,37.136,37.236,836722,0
2009-10-14,37.433,37.692,37.206,37.533,1087870,0
2009-10-15,37.483,37.662,37.067,37.612,1333116,0
2009-10-16,37.701,38.137,37.146,37.345,1743775,0
2009-10-19,37.136,37.355,36.126,36.443,2490134,0
2009-10-20,36.472,36.879,36.334,36.462,1472391,0
2009-10-21,36.482,36.631,36.047,36.056,700601,0
2009-10-22,34.807,36.155,34.807,35.867,965407,0
2009-10-23,35.887,35.947,35.243,35.491,794556,0
2009-10-26,35.57,35.838,34.411,34.49,1567517,0
2009-10-27,34.48,34.539,34.113,34.163,1845291,0
2009-10-28,33.945,34.262,33.618,33.638,1633154,0
2009-10-29,33.766,34.372,33.578,34.292,1387440,0
2009-10-30,34.212,34.827,34.094,34.113,1297086,0
2009-11-02,34.025,35.154,33.965,34.996,1594400,0
2009-11-03,34.936,35.154,34.659,35.026,1141852,0
2009-11-04,34.48,35.026,33.796,34.699,1913798,0
2009-11-05,34.996,35.075,34.173,34.519,1989865,0
2009-11-06,34.441,35.173,34.113,35.056,1131719,0
2009-11-09,35.135,35.828,35.065,35.828,916702,0
2009-11-10,35.62,35.799,35.452,35.56,693896,0
2009-11-11,35.67,36.383,35.65,35.927,844241,0
2009-11-12,35.997,36.096,35.52,35.57,558301,0
2009-11-13,35.57,35.818,35.491,35.64,889855,0
2009-11-16,35.749,36.522,35.749,36.076,979905,0
2009-11-17,35.957,36.037,35.53,35.65,878986,0
2009-11-18,35.67,35.67,35.263,35.55,494786,0
2009-11-19,35.491,35.491,34.876,35.213,537856,0
2009-11-20,35.085,35.183,34.768,34.836,958334,0
2009-11-23,34.916,35.59,34.856,35.233,762302,0
2009-11-24,35.749,36.829,35.233,36.72,1912595,0
2009-11-25,36.889,37.543,36.74,37.473,1062267,0
2009-11-27,36.948,36.998,36.502,36.631,479167,0
2009-11-30,37.692,37.692,36.74,36.76,1525199,0
2009-12-01,37.126,37.463,36.76,37.216,886377,0
2009-12-02,36.819,37.91,36.462,37.345,1232307,0
2009-12-03,36.701,38.009,36.482,36.958,1143667,0
2009-12-04,37.285,37.632,37.077,37.563,1248999,0
2009-12-07,37.662,37.989,37.463,37.593,1028717,0
2009-12-08,37.453,37.662,37.226,37.433,618706,0
2009-12-09,37.295,37.543,37.116,37.315,882201,0
2009-12-10,37.652,38.217,37.424,37.94,1012263,0
2009-12-11,37.692,38.107,37.563,37.94,861191,0
2009-12-14,38.028,38.444,37.87,38.306,827935,0
2009-12-15,38.257,38.316,37.76,38.019,1094923,0
2009-12-16,38.147,38.277,37.86,37.91,949578,0
2009-12-17,37.82,37.94,37.364,37.593,725721,0
2009-12-18,37.493,38.009,37.453,37.751,1141703,0
2009-12-21,38.058,38.444,37.989,38.375,712358,0
2009-12-22,38.355,38.831,38.355,38.682,593842,0
2009-12-23,39.108,39.555,39.058,39.445,967566,0
2009-12-24,39.525,39.605,39.356,39.555,252097,0
2009-12-28,39.515,39.782,39.425,39.762,609162,0
2009-12-29,39.802,39.812,39.495,39.545,942752,0
2009-12-30,39.375,39.535,39.338,39.465,531000,0
2009-12-31,39.535,39.892,39.188,39.258,690787,0
2010-01-04,39.347,40.099,39.347,39.932,864066,0
2010-01-05,39.862,39.862,39.198,39.535,588622,0
2010-01-06,39.585,39.665,39.425,39.665,810418,0
2010-01-07,39.792,39.792,39.168,39.347,722935,0
2010-01-08,39.098,39.188,38.692,39.058,708412,0
2010-01-11,39.138,39.645,38.801,39.415,521859,0
2010-01-12,39.308,39.535,39.078,39.366,664177,0
2010-01-13,39.545,40.626,39.515,40.526,1409008,0
2010-01-14,40.486,40.913,40.279,40.734,824480,0
2010-01-15,40.853,40.863,40.416,40.536,784231,0
2010-01-19,40.566,42.122,40.566,41.457,1656901,0
2010-01-20,41.28,41.755,40.753,41.17,691280,0
2010-01-21,41.061,41.061,40.03,40.049,1342114,0
2010-01-22,39.665,39.772,39.098,39.158,1419601,0
2010-01-25,39.268,39.425,38.861,39.039,991666,0
2010-01-26,38.901,38.901,38.604,38.653,769472,0
2010-01-27,38.534,38.653,38.267,38.514,817941,0
2010-01-28,38.663,38.712,37.969,38.028,965536,0
2010-01-29,38.127,38.524,37.84,38.028,1099283,0
2010-02-01,38.127,38.365,37.682,38.058,1358783,0
2010-02-02,38.227,39.238,37.88,39.158,1661452,0
2010-02-03,38.981,39.198,38.127,39.01,1610120,0
2010-02-04,38.781,39.039,37.82,37.85,1112853,0
2010-02-05,37.76,37.959,37.087,37.85,1485572,0
2010-02-08,37.85,37.85,37.315,37.355,849342,0
2010-02-09,37.612,38.038,37.394,37.76,867885,0
2010-02-10,37.652,37.731,37.067,37.404,519990,0
2010-02-11,37.305,37.76,37.077,37.662,771894,0
2010-02-12,37.443,37.77,36.928,37.741,704793,0
2010-02-16,38.147,38.306,37.731,38.257,602768,0
2010-02-17,38.326,38.514,38.237,38.247,961900,0
2010-02-18,38.237,38.644,38.167,38.554,769043,0
2010-02-19,38.414,38.921,38.385,38.761,925587,0
2010-02-22,38.961,39.019,38.454,39.01,792441,0
2010-02-23,39.048,39.435,38.544,38.634,1500695,0
2010-02-24,38.821,39.328,38.731,39.258,1465206,0
2010-02-25,38.951,39.465,37.275,39.347,2271358,0
2010-02-26,39.338,39.565,39.128,39.435,1188424,0
2010-03-01,39.555,39.872,39.505,39.762,1518478,0
2010-03-02,39.762,40.069,39.525,39.722,1081935,0
2010-03-03,39.712,39.812,39.415,39.585,964905,0
2010-03-04,39.555,39.684,39.258,39.505,1208456,0
2010-03-05,39.665,40.249,39.475,40.199,1038742,0
2010-03-08,40.149,40.149,39.595,39.645,1710335,0
2010-03-09,39.545,40.149,39.108,39.822,1340972,0
2010-03-10,39.702,40.338,39.674,40.219,1180655,0
2010-03-11,40.119,40.674,40.02,40.616,1433247,0
2010-03-12,40.773,41.071,40.416,41.001,1809713,0
2010-03-15,40.893,40.893,39.415,39.922,4332990,0
2010-03-16,40.209,40.576,39.188,40.289,2189225,0
2010-03-17,40.139,40.456,39.972,40.269,1642667,0
2010-03-18,40.299,40.606,40.079,40.416,1330568,0
2010-03-19,40.466,40.973,39.872,40.059,1436471,0
2010-03-22,39.952,40.406,39.892,40.309,1047652,0
2010-03-23,40.516,41.14,40.426,41.031,1149783,0
2010-03-24,40.863,41.13,40.674,41.071,1242427,0
2010-03-25,41.348,41.388,40.983,41.011,1297496,0
2010-03-26,41.22,41.23,40.744,40.943,1200624,0
2010-03-29,40.943,41.547,40.893,41.457,1643824,0
2010-03-30,41.467,41.864,41.24,41.775,1183557,0
2010-03-31,41.695,41.715,41.31,41.398,968572,0
2010-04-01,41.627,42.062,41.627,42.022,1059787,0
2010-04-05,42.072,42.072,41.824,41.904,722718,0
2010-04-06,41.735,41.755,41.467,41.577,1130527,0
2010-04-07,41.527,41.665,41.378,41.607,1212055,0
2010-04-08,41.537,41.814,41.3,41.765,1191799,0
2010-04-09,41.725,42.171,41.627,41.934,652846,0
2010-04-12,41.854,42.042,41.824,41.964,824817,0
2010-04-13,41.973,42.092,41.745,42.062,826865,0
2010-04-14,42.122,42.122,41.557,41.924,1026266,0
2010-04-15,41.814,42.012,41.617,42.002,913969,0
2010-04-16,42.359,42.359,41.804,42.171,1302405,0
2010-04-19,42.022,42.29,41.944,42.251,1056858,0
2010-04-20,42.399,43.043,42.161,42.944,990834,0
2010-04-21,42.993,42.993,42.548,42.796,1392449,0
2010-04-22,42.636,42.636,41.705,42.379,1370606,0
2010-04-23,42.281,42.855,41.982,42.766,1368669,0
2010-04-26,42.528,43.173,42.528,42.716,0,0
2010-04-27,42.617,42.875,41.655,41.705,1332939,0
2010-04-28,42.568,42.726,42.161,42.349,1415861,0
2010-04-29,42.548,42.963,42.241,42.489,1135234,0
2010-04-30,42.588,42.816,42.409,42.439,1014692,0
2010-05-03,42.518,43.183,42.399,43.043,1069819,0
2010-05-04,42.588,43.173,42.498,42.617,1814094,0
2010-05-05,42.399,43.271,42.379,43.202,1381043,0
2010-05-06,43.023,43.37,40.387,41.992,1755157,0
2010-05-07,42.319,43.083,40.953,41.617,3615746,0
2010-05-10,43.29,43.29,40.883,41.2,3395971,0
2010-05-11,41.15,42.935,41.15,42.776,2942235,0
2010-05-12,42.915,43.083,42.251,42.993,1813803,0
2010-05-13,43.053,43.817,42.696,43.34,1508384,0
2010-05-14,43.212,43.252,42.112,42.369,1511748,0
2010-05-17,42.518,42.726,41.655,42.201,1210608,0
2010-05-18,42.379,42.806,41.973,42.052,1583233,0
2010-05-19,42.905,43.747,42.022,43.34,3009861,0
2010-05-20,42.836,43.608,42.399,42.963,3044650,0
2010-05-21,42.558,42.646,41.884,42.489,2369253,0
2010-05-24,42.271,43.023,41.914,42.231,1467684,0
2010-05-25,41.577,42.211,40.903,42.191,1478025,0
2010-05-26,42.796,43.757,42.409,43.143,2197658,0
2010-05-27,43.667,43.945,43.46,43.807,1405241,0
2010-05-28,43.747,44.401,43.727,43.767,1330741,0
2010-06-01,43.4,43.667,42.726,42.746,1248302,0
2010-06-02,42.409,44.044,42.409,44.034,1134765,0
2010-06-03,44.034,44.57,43.887,44.541,901507,0
2010-06-04,44.054,44.124,43.113,43.31,1570958,0
2010-06-07,43.41,43.549,42.429,42.498,1318803,0
2010-06-08,42.498,42.518,41.438,41.894,2371460,0
2010-06-09,42.29,42.399,41.467,41.645,1739329,0
2010-06-10,42.241,42.925,41.814,42.349,1654093,0
2010-06-11,41.804,42.359,40.983,42.29,1660028,0
2010-06-14,42.479,42.766,41.725,42.319,1919266,0
2010-06-15,42.627,43.737,42.29,43.737,1321771,0
2010-06-16,43.33,43.777,43.33,43.549,917945,0
2010-06-17,43.618,43.887,43.261,43.867,816823,0
2010-06-18,43.867,43.867,43.34,43.618,1746920,0
2010-06-21,43.984,44.074,42.419,42.646,1820651,0
2010-06-22,42.726,43.35,42.608,42.796,1144506,0
2010-06-23,42.538,42.676,41.992,42.339,1373041,0
2010-06-24,42.201,42.578,42.082,42.191,742964,0
2010-06-25,42.191,42.508,41.735,42.211,1560819,0
2010-06-28,42.221,42.3,41.557,41.735,1274616,0
2010-06-29,41.24,41.447,40.665,40.863,1650498,0
2010-06-30,40.783,40.991,40.139,40.209,1845220,0
2010-07-01,40.099,40.396,39.218,40.289,2158828,0
2010-07-02,40.436,40.873,39.992,40.229,982303,0
2010-07-06,40.576,41.398,40.436,41.011,1909909,0
2010-07-07,41.11,41.637,40.586,41.637,1344839,0
2010-07-08,41.884,42.112,41.338,42.082,1519102,0
2010-07-09,42.082,42.309,41.834,42.201,965121,0
2010-07-12,42.281,42.319,41.944,42.201,639639,0
2010-07-13,42.528,42.954,42.498,42.846,863117,0
2010-07-14,42.855,43.5,42.716,43.5,1291532,0
2010-07-15,43.549,43.687,43.113,43.41,1076062,0
2010-07-16,43.5,43.777,42.3,42.459,1154587,0
2010-07-19,42.686,43.44,42.558,43.183,1943852,0
2010-07-20,42.796,43.023,42.528,43.023,900189,0
2010-07-21,43.003,43.53,42.746,43.053,1112011,0
2010-07-22,43.42,44.024,42.983,43.153,872706,0
2010-07-23,42.776,42.776,40.129,41.27,5050689,0
2010-07-26,41.13,41.824,41.011,41.735,1108894,0
2010-07-27,41.992,42.062,40.963,41.021,1394192,0
2010-07-28,41.001,41.12,39.992,40.011,1890194,0
2010-07-29,40.239,40.526,39.068,39.505,2326184,0
2010-07-30,39.366,40.328,38.991,40.139,1854726,0
2010-08-02,40.476,40.823,40.209,40.724,1191097,0
2010-08-03,40.724,40.953,40.416,40.496,1538285,0
2010-08-04,39.992,41.051,39.992,40.963,972158,0
2010-08-05,40.626,41.25,40.179,40.991,1383310,0
2010-08-06,40.991,41.11,40.556,40.853,1013633,0
2010-08-09,41.338,41.627,40.913,41.318,598706,0
2010-08-10,41.061,41.705,40.753,41.338,936487,0
2010-08-11,40.903,41.14,40.694,40.843,1291569,0
2010-08-12,40.416,41.358,40.416,41.16,1187740,0
2010-08-13,41.031,41.597,40.923,41.358,916804,0
2010-08-16,41.11,42.092,41.051,42.052,1392825,0
2010-08-17,42.389,42.993,42.042,42.598,1013604,0
2010-08-18,42.518,42.666,42.112,42.598,905633,0
2010-08-19,42.329,42.498,41.725,41.944,1064415,0
2010-08-20,41.944,42.319,41.775,41.814,1088080,0
2010-08-23,42.082,42.439,41.954,41.992,574502,0
2010-08-24,41.745,41.982,41.378,41.854,1135874,0
2010-08-25,41.775,42.359,41.627,42.201,1331741,0
2010-08-26,42.469,42.686,42.221,42.578,1197086,0
2010-08-27,42.746,43.38,42.459,43.36,1195129,0
2010-08-30,43.242,43.5,42.865,42.865,1019910,0
2010-08-31,42.608,42.925,42.469,42.686,1395565,0
2010-09-01,43.033,43.896,42.676,43.757,1289518,0
2010-09-02,43.757,44.461,43.43,44.451,1035329,0
2010-09-03,44.599,44.728,43.915,44.214,1002608,0
2010-09-07,43.143,44.698,43.143,44.361,947164,0
2010-09-08,44.471,44.698,44.252,44.371,672690,0
2010-09-09,44.708,44.748,44.361,44.521,718472,0
2010-09-10,43.559,43.559,42.191,42.696,5248944,0
2010-09-13,42.865,43.32,42.062,42.319,2646741,0
2010-09-14,42.339,42.538,41.944,42.112,1770395,0
2010-09-15,41.964,42.588,41.964,42.498,894719,0
2010-09-16,42.498,42.855,42.171,42.776,1182632,0
2010-09-17,43.281,43.47,42.846,42.905,1520283,0
2010-09-20,43.093,43.637,43.083,43.54,795150,0
2010-09-21,43.677,43.677,43.163,43.46,1269038,0
2010-09-22,43.45,43.687,43.281,43.569,947288,0
2010-09-23,43.37,43.964,43.133,43.34,922920,0
2010-09-24,43.737,44.599,43.697,44.272,1928308,0
2010-09-27,44.114,44.184,43.46,43.49,993025,0
2010-09-28,43.49,43.49,42.776,43.36,1170704,0
2010-09-29,43.232,43.35,42.3,42.309,2193061,0
2010-09-30,42.29,42.518,41.824,41.934,2046735,0
2010-10-01,42.3,43.559,41.795,42.983,4346648,0
2010-10-04,43.35,43.906,42.538,42.756,1901804,0
2010-10-05,43.043,44.024,42.983,43.877,1388684,0
2010-10-06,43.915,43.935,43.717,43.857,910692,0
2010-10-07,43.954,44.174,43.687,44.024,862265,0
2010-10-08,44.134,44.668,43.867,44.638,962941,0
2010-10-11,44.58,44.897,44.341,44.738,827684,0
2010-10-12,45.195,45.719,44.897,45.699,1924429,0
2010-10-13,45.769,45.987,45.61,45.937,1266691,0
2010-10-14,45.789,46.8,45.729,46.671,1968629,0
2010-10-15,46.71,47.047,46.473,46.938,1475858,0
2010-10-18,46.473,47.107,45.729,47.038,2782941,0
2010-10-19,46.542,46.899,45.937,46.483,2120252,0
2010-10-20,46.512,47.077,46.443,46.78,1078877,0
2010-10-21,46.968,47.038,46.343,46.691,998430,0
2010-10-22,46.681,46.681,46.146,46.343,735576,0
2010-10-25,46.661,46.978,46.363,46.572,548861,0
2010-10-26,46.373,46.453,46.106,46.176,692190,0
2010-10-27,45.957,46.284,45.61,46.185,747924,0
2010-10-28,46.423,46.611,45.789,45.947,619501,0
2010-10-29,45.937,46.274,45.719,46.235,482164,0
2010-11-01,46.433,46.829,45.878,46.225,682911,0
2010-11-02,48.623,50.744,47.602,48.663,4422080,0
2010-11-03,48.663,48.703,47.712,48.177,2350230,0
2010-11-04,49.109,50.695,48.811,49.911,2409477,0
2010-11-05,50.804,51.537,50.447,50.784,2095088,0
2010-11-08,50.437,51.041,50.328,50.854,934358,0
2010-11-09,51.022,51.547,51.012,51.488,1428631,0
2010-11-10,51.239,51.269,50.12,51.012,1296261,0
2010-11-11,48.861,50.834,48.772,50.527,7939802,0
2010-11-12,50.527,51.735,49.724,49.961,2396175,0
2010-11-15,50.17,50.625,49.823,50.338,1215839,0
2010-11-16,49.951,50.397,48.861,49.158,1619942,0
2010-11-17,49.227,49.783,49.129,49.247,826765,0
2010-11-18,49.594,50.09,49.515,50.09,1117772,0
2010-11-19,49.941,50.199,49.724,49.803,1083968,0
2010-11-22,49.664,49.823,49.217,49.495,1411692,0
2010-11-23,49.119,49.247,48.851,48.95,954679,0
2010-11-24,49.257,49.426,49.02,49.05,935278,0
2010-11-26,48.763,48.881,48.416,48.743,399014,0
2010-11-29,48.316,48.653,47.86,48.534,1277866,0
2010-11-30,48.108,48.623,48.009,48.306,1467679,0
2010-12-01,48.841,49.357,48.743,49.337,1325565,0
2010-12-02,49.247,49.357,48.841,48.96,970024,0
2010-12-03,48.743,49.148,48.743,49.109,1145474,0
2010-12-06,49.574,50.902,49.574,49.911,2977932,0
2010-12-07,50.08,50.555,49.158,49.317,1075472,0
2010-12-08,49.525,49.525,48.663,48.96,899559,0
2010-12-09,49.129,49.129,48.246,48.386,1238721,0
2010-12-10,48.376,49.07,47.771,48.96,1560121,0
2010-12-13,49.06,49.06,48.147,48.227,928907,0
2010-12-14,48.356,49.307,48.127,49.307,1443851,0
2010-12-15,49.119,51.002,48.91,50.675,2463203,0
2010-12-16,50.834,51.141,50.467,51.061,1425076,0
2010-12-17,51.002,51.161,50.784,51.151,1547519,0
2010-12-20,51.259,51.289,50.695,51.161,1065294,0
2010-12-21,51.269,51.388,50.922,50.952,809251,0
2010-12-22,51.051,51.181,50.507,50.565,1409379,0
2010-12-23,50.625,51.339,50.258,51.21,605740,0
2010-12-27,51.141,51.537,50.714,51.418,521403,0
2010-12-28,51.329,51.527,51.022,51.181,586256,0
2010-12-29,51.21,51.249,50.854,51.002,389195,0
2010-12-30,51.002,51.131,50.705,50.873,359071,0
2010-12-31,50.754,51.319,50.635,51.191,697518,0
2011-01-03,51.269,51.468,50.863,51.032,1311720,0
2011-01-04,51.21,51.23,50.487,50.555,1259856,0
2011-01-05,50.585,50.585,50.021,50.14,1708892,0
2011-01-06,50.15,51.408,50.14,51.349,1443143,0
2011-01-07,51.408,52.152,51.319,52.152,1180516,0
2011-01-10,51.835,52.984,51.448,52.975,1949091,0
2011-01-11,53.093,53.272,52.261,52.29,1150947,0
2011-01-12,52.776,52.776,51.398,51.616,1285194,0
2011-01-13,51.656,51.924,51.259,51.845,1119173,0
2011-01-14,51.676,51.735,50.932,51.408,1085907,0
2011-01-18,51.557,53.113,51.408,52.915,1789826,0
2011-01-19,52.826,52.965,51.705,51.973,1057869,0
2011-01-20,51.845,52.409,51.775,52.399,1765841,0
2011-01-21,52.836,53.807,52.608,53.609,2441776,0
2011-01-24,53.678,54.263,53.499,54.074,1412900,0
2011-01-25,53.906,54.074,53.302,54.074,1322864,0
2011-01-26,54.263,55.571,54.054,55.393,2712486,0
2011-01-27,55.353,55.59,54.064,54.243,1649561,0
2011-01-28,54.362,54.51,52.984,53.063,1072866,0
2011-01-31,53.242,54.044,53.113,54.035,1581605,0
2011-02-01,54.312,55.056,54.243,54.481,1650031,0
2011-02-02,54.342,54.956,54.213,54.441,1113576,0
2011-02-03,54.282,55.363,53.559,55.293,1575130,0
2011-02-04,55.224,55.253,54.54,54.926,1277223,0
2011-02-07,54.936,55.799,54.936,55.283,638747,0
2011-02-08,55.244,55.343,54.649,54.729,805219,0
2011-02-09,54.857,55.353,54.441,55.323,827131,0
2011-02-10,54.986,55.977,54.55,55.957,1183535,0
2011-02-11,55.7,57.008,55.571,56.651,1336749,0
2011-02-14,56.581,56.731,55.501,56.195,1641986,0
2011-02-15,56.007,56.869,55.471,55.987,1331174,0
2011-02-16,56.294,57.008,55.64,55.947,1616997,0
2011-02-17,55.967,56.017,55.263,55.471,1590643,0
2011-02-18,55.58,55.6,55.164,55.253,1745827,0
2011-02-22,55.016,55.046,54.153,54.411,1659865,0
2011-02-23,54.481,54.847,54.054,54.451,1995378,0
2011-02-24,54.312,54.798,53.856,54.639,1869327,0
2011-02-25,54.778,55.501,54.441,55.154,1180152,0
2011-02-28,55.363,55.6,55.026,55.491,1384054,0
2011-03-01,55.62,55.917,54.996,55.006,952737,0
2011-03-02,54.996,55.214,54.461,55.154,1217499,0
2011-03-03,55.521,56.83,55.353,56.581,1228548,0
2011-03-04,56.532,56.771,55.828,56.284,754793,0
2011-03-07,56.354,56.651,55.026,55.58,837286,0
2011-03-08,55.73,56.107,55.511,56.037,813657,0
2011-03-09,56.057,56.928,55.789,56.869,941204,0
2011-03-10,56.334,56.938,55.848,55.878,1497950,0
2011-03-11,55.917,56.502,55.68,56.384,1485565,0
2011-03-14,56.314,56.918,55.888,56.244,1129930,0
2011-03-15,54.669,55.452,53.767,54.837,1639203,0
2011-03-16,54.56,54.748,53.252,53.41,2060581,0
2011-03-17,53.995,54.292,53.737,54.134,1718731,0
2011-03-18,54.53,54.59,53.797,53.817,1163102,0
2011-03-21,53.747,54.758,53.509,54.55,547927,0
2011-03-22,54.431,54.996,54.411,54.629,686166,0
2011-03-23,54.421,54.56,53.619,54.104,609062,0
2011-03-24,54.372,55.095,54.084,54.887,506516,0
2011-03-25,55.036,55.68,54.659,55.135,1043742,0
2011-03-28,55.283,55.77,55.194,55.303,941544,0
2011-03-29,55.224,55.501,54.827,55.214,785100,0
2011-03-30,55.501,55.897,55.303,55.59,787980,0
2011-03-31,55.481,56.165,55.353,55.511,2365905,0
2011-04-01,55.67,56.483,55.63,56.007,1128804,0
2011-04-04,56.155,56.631,56.067,56.384,1101485,0
2011-04-05,56.344,57.732,55.967,57.325,1852952,0
2011-04-06,57.622,58.256,57.425,57.841,1588137,0
2011-04-07,57.702,57.86,56.938,57.405,891742,0
2011-04-08,57.504,57.712,56.82,56.998,758573,0
2011-04-11,57.088,57.572,57.038,57.395,796367,0
2011-04-12,57.235,57.772,57.167,57.177,528433,0
2011-04-13,57.315,58.554,57.078,58.514,999313,0
2011-04-14,58.346,58.346,57.445,57.542,1128672,0
2011-04-15,57.632,58.167,57.514,58.118,757277,0
2011-04-18,57.622,57.702,57.137,57.445,722634,0
2011-04-19,57.484,57.692,57.058,57.385,737393,0
2011-04-20,57.87,58.217,57.177,57.722,1083576,0
2011-04-21,58.039,58.217,57.562,57.632,1006835,0
2011-04-25,57.523,58.356,57.415,58.266,1175851,0
2011-04-26,58.475,59.08,58.148,59.06,1661793,0
2011-04-27,59.158,61.26,58.94,61.18,2663624,0
2011-04-28,60.289,61.734,60.011,61.687,1783382,0
2011-04-29,61.657,61.894,61.27,61.467,1095295,0
2011-05-02,61.744,62.855,61.687,62.795,1469465,0
2011-05-03,62.776,63.162,61.726,62.072,920082,0
2011-05-04,61.854,62.409,61.487,62.351,1567322,0
2011-05-05,62.271,62.271,61.34,61.647,1052798,0
2011-05-06,62.528,63.083,62.044,62.281,975650,0
2011-05-09,62.181,63.063,62.091,62.707,1097271,0
2011-05-10,62.707,62.785,62.044,62.211,1115681,0
2011-05-11,62.271,62.389,61.517,62.161,1396828,0
2011-05-12,62.131,63.083,61.844,62.985,823164,0
2011-05-13,62.955,63.053,62.081,62.399,835114,0
2011-05-16,62.361,62.925,62.034,62.835,955840,0
2011-05-17,62.648,63.063,62.241,62.628,860797,0
2011-05-18,62.668,63.282,62.341,62.638,1183047,0