Date,Open,High,Low,Close,Volume,OpenInt
2005-02-25,7.9331,8.0665,7.8034,8.0665,632096,0
2005-02-28,8.0756,8.1248,7.8524,7.8615,750398,0
2005-03-01,7.8673,8.1101,7.8524,8.0756,977229,0
2005-03-02,8.0385,8.1335,8.0385,8.0625,837318,0
2005-03-03,8.0625,8.148,8.0287,8.0996,541465,0
2005-03-04,8.0707,8.148,7.9183,8.1429,1219409,0
2005-03-07,8.1429,8.2104,8.0756,8.1248,587457,0
2005-03-08,8.1676,8.2162,8.0813,8.0813,1124808,0
2005-03-09,8.2051,8.2051,8.0385,8.0625,503940,0
2005-03-10,8.1156,8.2162,8.0756,8.1284,369083,0
2005-03-11,8.0863,8.1719,8.0756,8.1719,393268,0
2005-03-14,8.1719,8.2436,8.1284,8.2394,540575,0
2005-03-15,8.2735,8.5727,8.2623,8.4196,884438,0
2005-03-16,8.4196,8.4354,8.2248,8.2539,495105,0
2005-03-17,8.2333,8.462,8.1574,8.3682,431490,0
2005-03-18,8.4903,8.5019,8.2539,8.364,980761,0
2005-03-21,8.4196,8.4196,8.2188,8.3529,604755,0
2005-03-22,8.364,8.3878,8.2104,8.2777,619937,0
2005-03-23,8.1966,8.3401,8.1156,8.1284,866235,0
2005-03-24,8.1248,8.1915,7.962,8.1156,791509,0
2005-03-28,8.1248,8.1523,8.0228,8.0625,322537,0
2005-03-29,8.0089,8.0427,7.9331,7.9958,647146,0
2005-03-30,7.9134,8.0665,7.8615,8.0665,475076,0
2005-03-31,8.0228,8.0524,7.939,8.0196,462458,0
2005-04-01,7.962,8.148,7.9439,8.0625,366585,0
2005-04-04,7.9908,8.4257,7.9908,8.3878,416045,0
2005-04-05,8.4354,8.4354,8.1762,8.3588,368050,0
2005-04-06,8.2904,8.4779,8.2394,8.4058,626266,0
2005-04-07,8.3298,8.4302,8.3196,8.3964,561681,0
2005-04-08,8.3248,8.4107,8.2735,8.2735,440455,0
2005-04-11,8.2623,8.334,8.0524,8.0524,247628,0
2005-04-12,8.0574,8.364,8.0139,8.3196,350353,0
2005-04-13,8.3015,8.3153,8.0904,8.1429,303319,0
2005-04-14,8.148,8.1719,7.9282,7.939,514148,0
2005-04-15,7.8894,7.999,7.7946,7.8853,496532,0
2005-04-18,7.8853,7.9751,5.4288,7.6406,6346658,0
2005-04-19,7.5748,7.9463,7.5269,7.9224,757320,0
2005-04-20,7.9463,7.9463,7.4115,7.4837,748760,0
2005-04-21,7.5177,7.7137,7.4462,7.67,1127262,0
2005-04-22,7.6749,7.8756,7.5748,7.7946,566929,0
2005-04-25,7.7946,7.962,7.7034,7.9463,480564,0
2005-04-26,7.8987,7.9331,7.6995,7.6995,355730,0
2005-04-27,7.6995,7.6995,7.4884,7.5322,1016112,0
2005-04-28,7.4407,7.6359,7.3114,7.5269,634938,0
2005-04-29,7.6319,7.6319,7.3938,7.5788,408167,0
2005-05-02,7.5748,7.6463,7.4593,7.6081,345318,0
2005-05-03,7.4747,7.8566,7.4747,7.5883,389503,0
2005-05-04,7.57,7.9183,7.57,7.9134,300872,0
2005-05-05,7.9562,7.9562,7.5994,7.7414,336377,0
2005-05-06,7.8327,7.8673,7.7414,7.7661,164024,0
2005-05-09,7.7414,7.8426,7.7176,7.8426,225846,0
2005-05-10,7.7614,7.8706,7.6558,7.8375,282867,0
2005-05-11,7.8034,7.8812,7.6463,7.6518,309804,0
2005-05-12,7.7375,7.785,7.57,7.57,303255,0
2005-05-13,7.57,7.694,7.5501,7.5748,330366,0
2005-05-16,7.5501,7.8327,7.5501,7.8034,380623,0
2005-05-17,7.8237,7.9562,7.6749,7.7709,913464,0
2005-05-18,7.8089,7.8706,7.6797,7.7503,460038,0
2005-05-19,7.7463,7.7994,7.6644,7.7463,365766,0
2005-05-20,7.8136,7.8136,7.6797,7.7557,451886,0
2005-05-23,7.7463,7.8327,7.6749,7.7661,496686,0
2005-05-24,7.7271,7.8426,7.6463,7.8136,362063,0
2005-05-25,7.7271,7.8524,7.6558,7.8269,343301,0
2005-05-26,7.7797,7.9282,7.7661,7.8706,385118,0
2005-05-27,7.8853,7.8894,7.8089,7.8566,164635,0
2005-05-31,7.7994,7.9102,7.7797,7.8327,357883,0
2005-06-01,7.8615,7.9908,7.8184,7.9908,330811,0
2005-06-02,7.999,8.1429,7.9224,8.0385,432643,0
2005-06-03,8.0385,8.1191,7.962,7.9851,278186,0
2005-06-06,7.9851,8.1625,7.9331,8.1395,286613,0
2005-06-07,8.1574,8.3153,7.9958,7.9958,505787,0
2005-06-08,8.1335,8.1676,7.9908,8.0946,293838,0
2005-06-09,8.1335,8.2904,8.0665,8.2777,563287,0
2005-06-10,8.2904,8.364,8.2291,8.334,517325,0
2005-06-13,8.3682,8.462,8.2904,8.364,566461,0
2005-06-14,8.3828,8.4966,8.2967,8.462,629116,0
2005-06-15,8.4833,8.5983,8.3921,8.5983,1236667,0
2005-06-16,8.5727,8.6972,8.462,8.6835,701771,0
2005-06-17,8.7208,8.8351,8.531,8.8351,1733467,0
2005-06-20,8.8315,8.8392,8.6581,8.7261,991514,0
2005-06-21,8.6499,8.7017,8.5541,8.6299,774273,0
2005-06-22,8.6018,8.7653,8.5106,8.7435,1074083,0
2005-06-23,8.5983,8.7844,8.5983,8.6553,694544,0
2005-06-24,8.6553,8.8351,8.5541,8.768,1136099,0
2005-06-27,8.7788,8.7788,8.6553,8.6835,540200,0
2005-06-28,8.7017,8.8997,8.6553,8.8997,467642,0
2005-06-29,8.8559,8.9602,8.7553,8.9602,356461,0
2005-06-30,8.9602,9.0113,8.7978,8.8125,473974,0
2005-07-01,8.7978,8.9267,8.7978,8.8392,402434,0
2005-07-05,8.8643,8.9658,8.7978,8.9379,356458,0
2005-07-06,8.9267,9.0703,8.8838,8.9379,476882,0
2005-07-07,8.8392,8.9155,8.6789,8.9081,526468,0
2005-07-08,8.9267,9.0761,8.768,9.056,368466,0
2005-07-11,9.0309,9.0799,9.0029,9.0799,454725,0
2005-07-12,9.0599,9.1274,9.0355,9.056,464789,0
2005-07-13,9.056,9.0799,8.7978,8.8699,418389,0
2005-07-14,8.9323,8.9545,8.768,8.7726,344793,0
2005-07-15,8.7208,8.8392,8.6222,8.7653,395742,0
2005-07-18,8.1813,8.6263,8.0574,8.4257,2254173,0
2005-07-19,8.4107,8.5692,8.3768,8.5355,801492,0
2005-07-20,8.4779,8.6736,8.4354,8.6691,617397,0
2005-07-21,8.6263,8.6789,8.5106,8.531,575119,0
2005-07-22,8.4966,8.6018,8.2735,8.5355,1031411,0
2005-07-25,8.4903,8.6926,8.4594,8.6454,697278,0
2005-07-26,8.6018,8.7261,8.5257,8.6499,686838,0
2005-07-27,8.6972,8.7172,8.6018,8.6581,416329,0
2005-07-28,8.6691,8.7307,8.5779,8.7307,728442,0
2005-07-29,8.6635,8.7261,8.4354,8.5983,1211792,0
2005-08-01,8.5071,8.7126,8.5071,8.6691,588868,0
2005-08-02,8.6581,8.7416,8.6499,8.7172,565231,0
2005-08-03,8.6881,9.0846,8.64,9.0799,3513924,0
2005-08-04,8.9424,9.4029,8.9323,9.175,1799264,0
2005-08-05,9.175,9.3669,9.175,9.2427,1760108,0
2005-08-08,9.2246,9.3376,9.0884,9.2246,1191206,0
2005-08-09,9.2008,9.3464,9.2008,9.2732,781364,0
2005-08-10,9.2732,9.3708,9.2008,9.3044,725626,0
2005-08-11,9.3522,9.553,9.2762,9.399,1473828,0
2005-08-12,9.3522,9.3669,9.175,9.2732,819572,0
2005-08-15,9.2323,9.53,9.2284,9.4468,749197,0
2005-08-16,9.3961,9.3961,8.9844,9.0703,703508,0
2005-08-17,9.0467,9.1274,8.9881,9.042,388433,0
2005-08-18,8.9881,9.0281,8.7788,8.8392,574330,0
2005-08-19,8.8392,9.1465,8.8392,9.0799,338739,0
2005-08-22,9.1274,9.3669,9.0799,9.363,474289,0
2005-08-23,9.2937,9.5,9.2937,9.3864,726900,0
2005-08-24,9.363,9.4634,9.2513,9.2762,641827,0
2005-08-25,9.3191,9.506,9.2513,9.442,413883,0
2005-08-26,9.438,9.442,9.1598,9.1598,387976,0
2005-08-29,9.0989,9.2732,8.9424,9.2189,460030,0
2005-08-30,9.1151,9.2609,8.8392,9.0113,658229,0
2005-08-31,9.0355,9.1894,8.8643,9.1894,351664,0
2005-09-01,9.2008,9.3103,9.1151,9.2361,438548,0
2005-09-02,9.2361,9.3161,9.0309,9.0989,224833,0
2005-09-06,9.0989,9.3747,9.0989,9.2323,381855,0
2005-09-07,9.257,9.2859,9.1046,9.1427,390697,0
2005-09-08,9.1522,9.2361,9.0799,9.1427,353109,0
2005-09-09,9.1465,9.2654,9.1093,9.1656,271995,0
2005-09-12,9.1798,9.5,9.1598,9.4088,449483,0
2005-09-13,9.4146,9.864,9.363,9.662,1470785,0
2005-09-14,9.7,9.911,9.606,9.749,806129,0
2005-09-15,9.774,9.825,9.578,9.62,656293,0
2005-09-16,9.677,9.815,9.629,9.749,1103113,0
2005-09-19,9.797,9.821,9.586,9.62,720540,0
2005-09-20,9.511,9.644,9.3961,9.4244,568511,0
2005-09-21,9.4088,9.4576,9.0799,9.3522,623917,0
2005-09-22,9.3522,9.524,9.2762,9.4029,395597,0
2005-09-23,9.4244,9.639,9.3464,9.606,344289,0
2005-09-26,9.648,9.719,9.518,9.539,545687,0
2005-09-27,9.515,9.644,9.3435,9.542,435216,0
2005-09-28,9.4907,9.654,9.3581,9.573,466397,0
2005-09-29,9.568,9.639,9.4029,9.563,443351,0
2005-09-30,9.568,9.568,9.2246,9.4634,735703,0
2005-10-03,9.506,9.629,9.4634,9.542,472424,0
2005-10-04,9.586,9.716,9.4351,9.53,635954,0
2005-10-05,9.518,9.644,9.3805,9.3961,756161,0
2005-10-06,9.4634,9.4634,8.9424,9.1227,812769,0
2005-10-07,9.1465,9.3044,9.0799,9.2132,432870,0
2005-10-10,9.2986,9.2986,9.0931,9.117,439908,0
2005-10-11,9.1093,9.257,8.9945,9.0188,655476,0
2005-10-12,8.9945,9.0645,8.4302,8.6222,1983909,0
2005-10-13,8.5151,8.8597,8.462,8.7553,862823,0
2005-10-14,8.7553,8.8016,8.4673,8.6789,904989,0
2005-10-17,8.6635,8.6635,8.462,8.6018,824574,0
2005-10-18,8.5399,8.7261,8.4673,8.5638,428959,0
2005-10-19,8.4735,8.9658,8.4735,8.8457,700693,0
2005-10-20,8.8392,8.8699,8.6454,8.8315,603081,0
2005-10-21,8.7844,8.9658,8.7726,8.9155,596938,0
2005-10-24,8.9379,9.0599,8.8793,9.0002,617439,0
2005-10-25,8.9658,9.0522,8.7017,8.8932,439222,0
2005-10-26,8.9323,8.9545,8.6581,8.7208,491314,0
2005-10-27,8.7307,8.8315,8.5922,8.6018,394995,0
2005-10-28,8.6553,8.9267,8.5355,8.8351,614696,0
2005-10-31,8.8392,8.9779,8.7934,8.9267,558364,0
2005-11-01,8.9379,9.0599,8.8699,9.0002,548709,0
2005-11-02,9.056,9.1722,9.0309,9.1274,588817,0
2005-11-03,9.196,9.2937,8.9658,9.0467,517729,0
2005-11-04,9.0846,9.1465,8.9267,9.042,249287,0
2005-11-07,9.042,9.0799,8.8216,8.8457,737756,0
2005-11-08,8.7934,8.8932,8.7208,8.7978,540298,0
2005-11-09,8.8522,8.9081,8.7726,8.8597,630835,0
2005-11-10,8.9081,9.2284,8.7934,9.2075,641061,0
2005-11-11,9.2485,9.3435,9.1894,9.3103,532716,0
2005-11-14,9.2008,9.3191,9.0884,9.2189,323846,0
2005-11-15,9.2513,9.3191,9.0002,9.2132,433873,0
2005-11-16,9.257,9.257,9.0599,9.0989,323215,0
2005-11-17,9.1046,9.2937,9.1046,9.2937,313684,0
2005-11-18,9.3191,9.323,9.1846,9.2609,476177,0
2005-11-21,9.2609,9.3435,9.1846,9.3191,448327,0
2005-11-22,9.3191,9.3435,9.175,9.2986,1066415,0
2005-11-23,9.2908,9.2986,9.156,9.1894,321701,0
2005-11-25,9.2859,9.2859,9.1227,9.2189,127347,0
2005-11-28,9.175,9.2284,8.9043,8.9723,589135,0
2005-11-29,8.9844,9.1894,8.9844,9.1465,322627,0
2005-11-30,9.1894,9.2427,9.0467,9.0645,377509,0
2005-12-01,9.0931,9.3327,8.9881,9.3161,640988,0
2005-12-02,9.2732,9.2732,9.0799,9.2427,264535,0
2005-12-05,9.2908,9.2908,9.0086,9.1322,456716,0
2005-12-06,9.1722,9.3191,9.117,9.2485,402957,0
2005-12-07,9.2485,9.2485,9.0355,9.117,404825,0
2005-12-08,9.1465,9.1656,8.7435,9.0244,899285,0
2005-12-09,9.0599,9.1274,8.9881,9.056,576531,0
2005-12-12,9.0703,9.1093,8.8997,8.9267,614281,0
2005-12-13,8.9379,8.9881,8.7788,8.8351,1523200,0
2005-12-14,8.8522,8.9323,8.7261,8.8016,654979,0
2005-12-15,8.8522,8.8522,8.4594,8.616,1577308,0
2005-12-16,8.64,8.6736,8.4868,8.5638,1718374,0
2005-12-19,8.5444,8.7788,8.5106,8.7261,1127269,0
2005-12-20,8.6581,8.7653,8.616,8.7607,844326,0
2005-12-21,8.7896,8.9323,8.768,8.817,408213,0
2005-12-22,8.817,8.9379,8.7362,8.8457,493883,0
2005-12-23,8.8392,8.8392,8.708,8.807,164432,0
2005-12-27,8.807,8.8392,8.6072,8.6117,441848,0
2005-12-28,8.6581,8.7126,8.5922,8.6789,309431,0
2005-12-29,8.7172,8.7208,8.6018,8.6018,330345,0
2005-12-30,8.6072,8.6635,8.4966,8.5692,550441,0
2006-01-03,8.6018,8.7208,8.4868,8.6635,820843,0
2006-01-04,8.6499,8.7126,8.5727,8.6355,395743,0
2006-01-05,8.6117,8.7934,8.5983,8.7489,618301,0
2006-01-06,8.8392,8.9424,8.8216,8.9267,936865,0
2006-01-09,8.9602,8.9602,8.7978,8.8279,545908,0
2006-01-10,8.8876,8.8876,8.6299,8.7896,729775,0
2006-01-11,8.768,8.8793,8.768,8.8457,618989,0
2006-01-12,8.7978,8.8559,8.708,8.7261,668705,0
2006-01-13,8.7978,8.9211,8.7172,8.8392,355890,0
2006-01-17,8.817,8.8279,8.6635,8.8016,430463,0
2006-01-18,8.7017,8.7934,8.6018,8.6299,793099,0
2006-01-19,8.6972,8.7261,8.6117,8.6355,343695,0
2006-01-20,8.6789,8.6926,8.5399,8.5444,354412,0
2006-01-23,8.5922,8.8125,8.5488,8.7896,384134,0
2006-01-24,8.7896,8.8351,8.7416,8.7934,294654,0
2006-01-25,8.7978,8.8216,8.5488,8.6553,539781,0
2006-01-26,8.7261,8.807,8.6222,8.7208,360803,0
2006-01-27,8.7788,8.8315,8.6581,8.7261,594696,0
2006-01-30,8.768,8.768,8.6581,8.7307,302277,0
2006-01-31,8.6454,8.768,8.5071,8.7126,590108,0
2006-02-01,8.6581,8.817,8.6263,8.6789,400909,0
2006-02-02,8.7653,8.7934,8.5106,8.5444,863460,0
2006-02-03,8.6926,8.7934,8.6299,8.7553,526537,0
2006-02-06,8.7934,8.8597,8.7208,8.8522,446951,0
2006-02-07,8.8597,8.9545,8.8351,8.8457,675462,0
2006-02-08,8.8932,9.257,8.8932,9.2132,1922932,0
2006-02-09,9.2008,9.2427,9.0799,9.1465,1162757,0
2006-02-10,9.1894,9.3044,9.1046,9.2762,650054,0
2006-02-13,9.3103,9.3191,9.1598,9.2859,690131,0
2006-02-14,9.3191,9.323,9.2189,9.323,619894,0
2006-02-15,9.3191,9.3191,9.175,9.2046,845460,0
2006-02-16,9.2485,9.3103,9.2008,9.2986,589404,0
2006-02-17,9.3327,9.3327,9.2246,9.2361,410175,0
2006-02-21,9.3161,9.3191,9.2361,9.2937,564386,0
2006-02-22,9.3191,9.3435,9.2075,9.2762,778016,0
2006-02-23,9.257,9.3191,9.2284,9.3044,683790,0
2006-02-24,9.257,9.2937,9.056,9.196,701061,0
2006-02-27,9.175,9.2246,9.1093,9.1598,691641,0
2006-02-28,9.1046,9.156,8.8315,8.9779,1252826,0
2006-03-01,9.0244,9.0931,8.9779,9.0645,732757,0
2006-03-02,9.0931,9.0931,8.8457,8.9379,942381,0
2006-03-03,8.9379,9.0188,8.7978,8.817,1047871,0
2006-03-06,8.8643,8.8643,8.6117,8.7126,995625,0
2006-03-07,8.7261,8.8793,8.6972,8.8643,938477,0
2006-03-08,8.8876,8.9211,8.7653,8.8457,468866,0
2006-03-09,8.8838,9.0244,8.7416,8.817,679848,0
2006-03-10,8.6072,8.7489,8.6018,8.7208,777640,0
2006-03-13,8.7653,8.8597,8.5638,8.5824,900696,0
2006-03-14,8.6018,8.8559,8.5727,8.6835,1160551,0
2006-03-15,8.7261,8.7261,8.5638,8.6299,1442912,0
2006-03-16,8.6299,8.7208,8.5205,8.531,2414533,0
2006-03-17,8.531,8.7017,8.531,8.5779,17081241,0
2006-03-20,8.6581,8.7435,8.616,8.7362,3692123,0
2006-03-21,8.7653,8.7896,8.6499,8.6789,2432777,0
2006-03-22,8.6926,8.7172,8.6018,8.6355,1634200,0
2006-03-23,8.6581,8.6736,8.5779,8.6018,1847264,0
2006-03-24,8.616,8.7172,8.5541,8.6736,1910882,0
2006-03-27,8.6972,8.7653,8.6117,8.6454,2394414,0
2006-03-28,8.6499,8.7017,8.6018,8.6355,918183,0
2006-03-29,8.6499,8.6581,8.5071,8.5355,2642825,0
2006-03-30,8.5779,8.6299,8.5444,8.5594,1256058,0
2006-03-31,8.5878,8.5922,8.4903,8.5106,1065526,0
2006-04-03,8.4966,8.5922,8.4673,8.4779,1447695,0
2006-04-04,8.4966,8.768,8.4833,8.6263,1866031,0
2006-04-05,8.8315,8.8876,8.7208,8.8457,2761949,0
2006-04-06,8.8793,9.0188,8.8643,8.9545,2689354,0
2006-04-07,9.0029,9.0029,8.7788,8.8392,1034521,0
2006-04-10,8.8876,9.0002,8.8392,8.8643,1494080,0
2006-04-11,8.8793,8.9127,8.6299,8.6581,966345,0
2006-04-12,8.6263,8.7553,8.6263,8.6881,709216,0
2006-04-13,8.6881,8.7416,8.6299,8.7362,743380,0
2006-04-17,8.708,8.7307,8.5541,8.6736,1440210,0
2006-04-18,8.6736,8.8876,8.6635,8.8522,1368786,0
2006-04-19,8.8216,8.8932,8.7172,8.8932,984103,0
2006-04-20,8.8699,8.9043,8.768,8.8392,950794,0
2006-04-21,8.8351,9.0703,8.768,8.8932,852847,0
2006-04-24,8.8643,8.9127,8.7017,8.7489,740235,0
2006-04-25,8.7489,8.8279,8.6299,8.7553,826448,0
2006-04-26,8.7934,8.8597,8.7553,8.8392,941651,0
2006-04-27,8.8279,8.9945,8.7553,8.9155,1000624,0
2006-04-28,8.8597,8.9723,8.8392,8.9379,1162980,0
2006-05-01,8.9844,9.0086,8.8597,8.9127,1317378,0
2006-05-02,8.9267,8.9453,8.7726,8.8932,1831109,0
2006-05-03,8.9081,9.0989,8.8997,9.056,1575745,0
2006-05-04,9.056,9.0989,9.0029,9.0799,935217,0
2006-05-05,9.0989,9.1046,9.0113,9.0846,1114683,0
2006-05-08,9.0799,9.1322,9.0355,9.0599,561305,0
2006-05-09,9.056,9.0846,8.975,8.9881,764299,0
2006-05-10,9.0002,9.0086,8.8457,8.9043,648389,0
2006-05-11,8.8755,8.9323,8.7653,8.768,1325194,0
2006-05-12,8.7553,8.8016,8.6263,8.6499,1128434,0
2006-05-15,8.6499,8.6972,8.5922,8.6691,1280448,0
2006-05-16,8.6972,8.7607,8.6736,8.708,1166365,0
2006-05-17,8.6972,8.7553,8.6499,8.6881,921018,0
2006-05-18,8.6881,8.7653,8.6635,8.6736,501544,0
2006-05-19,8.6581,8.7172,8.5779,8.6581,1210260,0
2006-05-22,8.6018,8.6926,8.4966,8.6553,1195964,0
2006-05-23,8.6926,8.708,8.4833,8.5151,657787,0
2006-05-24,8.5257,8.7172,8.4833,8.6581,1146125,0
2006-05-25,8.6972,9.1274,8.6263,9.1274,1745444,0
2006-05-26,9.1274,9.175,8.8997,9.0599,819425,0
2006-05-30,8.9155,9.0029,8.8793,8.9424,1080926,0
2006-05-31,8.9779,9.2485,8.9127,9.0989,2560558,0
2006-06-01,9.1322,9.2654,9.0799,9.2654,953483,0
2006-06-02,9.2513,9.281,9.1522,9.2323,791994,0
2006-06-05,9.2075,9.2246,8.9453,8.9453,754389,0
2006-06-06,8.9602,9.0703,8.9267,9.0244,693054,0
2006-06-07,9.0599,9.1227,8.9211,8.9508,513035,0
2006-06-08,8.9043,9.0846,8.7416,9.0281,998150,0
2006-06-09,9.0599,9.0761,8.9127,8.9379,411480,0
2006-06-12,8.9723,9.0002,8.8016,8.8125,555155,0
2006-06-13,8.7788,8.9723,8.6072,8.6553,1230162,0
2006-06-14,8.6736,8.7416,8.4833,8.5488,1199934,0
2006-06-15,8.5779,8.7261,8.5257,8.6835,1294627,0
2006-06-16,8.64,8.6972,8.5692,8.6018,2428211,0
2006-06-19,8.6072,8.7607,8.5878,8.7126,1181377,0
2006-06-20,8.64,8.6972,8.4594,8.5355,885120,0
2006-06-21,8.5638,8.6736,8.531,8.6454,791186,0
2006-06-22,8.6635,8.7362,8.6117,8.7261,835312,0
2006-06-23,8.6635,8.7435,8.6018,8.7261,923182,0
2006-06-26,8.7416,8.7934,8.6736,8.7934,862284,0
2006-06-27,8.7934,8.807,8.6499,8.6835,937508,0
2006-06-28,8.7362,8.7788,8.6553,8.7553,422901,0
2006-06-29,8.7844,9.0309,8.7726,9.0309,1141280,0
2006-06-30,9.056,9.056,8.8279,8.8315,4814054,0
2006-07-03,8.817,8.8755,8.7934,8.8597,374920,0
2006-07-05,8.8838,8.8876,8.7844,8.8643,769003,0
2006-07-06,8.8755,8.8755,8.7208,8.7896,659168,0
2006-07-07,8.8125,8.8392,8.6018,8.616,728719,0
2006-07-10,8.616,8.768,8.616,8.7307,495787,0
2006-07-11,8.7416,8.7978,8.6018,8.7653,939103,0
2006-07-12,8.768,8.7726,8.6299,8.6581,817893,0
2006-07-13,8.6072,8.6926,8.5692,8.6018,1243868,0
2006-07-14,8.5779,8.768,8.5779,8.616,1808438,0
2006-07-17,8.6553,8.6881,8.5692,8.5824,856743,0
2006-07-18,8.616,8.6881,8.5638,8.6454,1042523,0
2006-07-19,8.6499,8.768,8.6072,8.7435,1255418,0
2006-07-20,8.7435,8.8392,8.6736,8.708,612879,0
2006-07-21,8.6635,8.7416,8.64,8.6499,803747,0
2006-07-24,8.7261,8.8876,8.6926,8.8793,550649,0
2006-07-25,8.8392,8.975,8.7435,8.9127,575175,0
2006-07-26,8.8793,8.9453,8.7489,8.8559,680259,0
2006-07-27,8.9379,8.9881,8.8755,8.9267,752017,0
2006-07-28,9.0188,9.0884,8.9602,9.0799,1147592,0
2006-07-31,9.1046,9.2189,8.9844,9.2075,866397,0
2006-08-01,9.1846,9.1846,8.8997,9.0989,645899,0
2006-08-02,9.1465,9.2908,9.0799,9.175,621704,0
2006-08-03,9.1427,9.3161,9.1093,9.281,473999,0
2006-08-04,9.3191,9.3961,9.0799,9.2246,882466,0
2006-08-07,9.2246,9.3103,9.117,9.2732,860256,0
2006-08-08,9.2732,9.3922,9.2075,9.2427,810083,0
2006-08-09,9.2513,9.4185,9.1227,9.1598,1340018,0
2006-08-10,9.1322,9.3805,9.0884,9.3279,1111640,0
2006-08-11,9.3669,9.3747,9.2189,9.3161,819204,0
2006-08-14,9.3376,9.399,9.2008,9.2762,606832,0
2006-08-15,9.3747,9.3747,9.2427,9.3191,817485,0
2006-08-16,9.399,9.4185,9.3191,9.3669,1292419,0
2006-08-17,9.3669,9.506,9.3327,9.4146,1029957,0
2006-08-18,9.4537,9.4819,9.323,9.3708,826097,0
2006-08-21,9.323,9.3805,9.3191,9.3327,481659,0
2006-08-22,9.3464,9.3805,9.3044,9.3376,729205,0
2006-08-23,9.3669,9.3922,9.156,9.196,814203,0
2006-08-24,9.2513,9.3161,9.1722,9.2323,587510,0
2006-08-25,9.2046,9.3327,9.2046,9.2654,683572,0
2006-08-28,9.2762,9.438,9.2075,9.3435,1049203,0
2006-08-29,9.3922,9.4244,9.2908,9.4029,830016,0
2006-08-30,9.4576,9.568,9.3581,9.553,942802,0
2006-08-31,9.606,9.696,9.524,9.542,900849,0
2006-09-01,9.563,9.639,9.536,9.563,702068,0
2006-09-05,9.557,9.624,9.539,9.606,628517,0
2006-09-06,9.591,9.591,9.5,9.547,542709,0
2006-09-07,9.542,9.578,9.4468,9.4673,772791,0
2006-09-08,9.506,9.568,9.4634,9.536,906399,0
2006-09-11,9.515,9.568,9.3961,9.4146,990223,0
2006-09-12,9.4946,9.7,9.438,9.601,3438532,0
2006-09-13,9.629,9.778,9.58,9.677,944427,0
2006-09-14,9.677,9.783,9.601,9.639,820617,0
2006-09-15,9.716,9.839,9.658,9.815,1417554,0
2006-09-18,9.854,9.916,9.797,9.859,1029933,0
2006-09-19,9.801,9.801,9.4146,9.573,1295305,0
2006-09-20,9.601,9.964,9.601,9.907,1420055,0
2006-09-21,9.935,9.935,9.815,9.859,861718,0
2006-09-22,9.868,9.907,9.706,9.774,934575,0
2006-09-25,9.749,9.844,9.658,9.74,783961,0
2006-09-26,9.74,9.859,9.677,9.815,913768,0
2006-09-27,9.788,9.959,9.778,9.946,918622,0
2006-09-28,9.941,9.959,9.801,9.935,1284841,0
2006-09-29,9.882,9.954,9.801,9.801,723249,0
2006-10-02,9.801,10.011,9.73,9.825,869482,0
2006-10-03,9.743,9.926,9.73,9.864,814086,0
2006-10-04,9.875,10.078,9.811,10.021,1053876,0
2006-10-05,10.045,10.065,9.972,10.028,1108373,0
2006-10-06,9.997,10.039,9.95,10.017,828536,0
2006-10-09,10.036,10.036,9.959,9.983,1082022,0
2006-10-10,10.032,10.036,9.964,9.993,988485,0
2006-10-11,10.006,10.036,9.821,9.897,922941,0
2006-10-12,9.964,10.036,9.903,10.017,947749,0
2006-10-13,10.036,10.122,9.978,10.036,818773,0
2006-10-16,10.056,10.069,9.978,9.989,1059553,0
2006-10-17,9.821,10.011,9.749,9.97,1166407,0
2006-10-18,9.989,10.011,9.921,9.964,770476,0
2006-10-19,9.964,9.989,9.926,9.972,748253,0
2006-10-20,9.989,9.993,9.851,9.903,1131058,0
2006-10-23,9.897,10.065,9.851,10.045,644355,0
2006-10-24,10.084,10.208,10.039,10.155,854818,0
2006-10-25,10.183,10.271,10.112,10.208,759400,0
2006-10-26,10.222,10.466,10.151,10.456,984272,0
2006-10-27,10.495,10.503,10.271,10.298,767357,0
2006-10-30,10.293,10.392,10.228,10.265,922627,0
2006-10-31,10.309,10.361,10.208,10.304,730788,0
2006-11-01,10.368,10.446,9.989,10.021,1468425,0
2006-11-02,9.941,10.032,9.754,9.892,1186337,0
2006-11-03,9.946,10.006,9.878,9.916,743609,0
2006-11-06,10.006,10.365,9.972,10.277,643002,0
2006-11-07,10.395,10.743,10.337,10.428,1803013,0
2006-11-08,10.155,10.723,10.151,10.598,1862664,0
2006-11-09,10.691,10.886,10.62,10.727,2005186,0
2006-11-10,10.8,11.005,10.758,10.906,1465972,0
2006-11-13,10.929,11.031,10.839,10.996,1060847,0
2006-11-14,10.993,11.125,10.924,11.12,1415481,0
2006-11-15,11.112,11.135,10.943,10.983,1118339,0
2006-11-16,10.983,11.042,10.81,10.895,1165489,0
2006-11-17,10.856,11.027,10.834,10.977,911843,0
2006-11-20,10.986,11.031,10.797,10.8,1037043,0
2006-11-21,10.8,10.891,10.767,10.797,865076,0
2006-11-22,10.843,10.895,10.791,10.81,472680,0
2006-11-24,10.81,10.834,10.758,10.797,1291720,0
2006-11-27,10.8,10.81,10.495,10.561,1613365,0
2006-11-28,10.561,10.639,10.495,10.598,758262,0
2006-11-29,10.651,10.758,10.598,10.727,894183,0
2006-11-30,10.727,10.776,10.672,10.739,1070281,0
2006-12-01,10.691,10.716,10.277,10.298,4793373,0
2006-12-04,10.298,10.527,10.298,10.515,2605881,0
2006-12-05,10.556,10.662,10.471,10.603,1828270,0
2006-12-06,10.647,10.818,10.585,10.696,2210980,0
2006-12-07,10.873,10.943,10.8,10.8,1460363,0
2006-12-08,10.814,10.891,10.771,10.771,1144908,0
2006-12-11,10.8,10.977,10.786,10.891,1074637,0
2006-12-12,10.906,10.939,10.776,10.786,964264,0
2006-12-13,10.8,10.891,10.781,10.849,758961,0
2006-12-14,10.891,10.895,10.786,10.8,900116,0
2006-12-15,10.818,10.824,10.763,10.763,2633702,0
2006-12-18,10.8,10.834,10.763,10.8,1233097,0
2006-12-19,10.625,10.668,10.532,10.608,1477960,0
2006-12-20,10.628,10.668,10.538,10.639,3201863,0
2006-12-21,10.62,10.656,10.495,10.571,1154495,0
2006-12-22,10.613,10.613,10.392,10.522,968375,0
2006-12-26,10.571,10.613,10.483,10.515,585181,0
2006-12-27,10.522,10.603,10.412,10.538,1367918,0
2006-12-28,10.548,10.691,10.544,10.668,891172,0
2006-12-29,10.676,10.776,10.656,10.704,945670,0
2007-01-03,10.716,10.873,10.71,10.852,1194966,0
2007-01-04,10.882,10.882,10.753,10.791,1252362,0
2007-01-05,10.691,10.691,10.368,10.532,2632328,0
2007-01-08,10.556,10.668,10.456,10.625,1545291,0
2007-01-09,10.656,10.746,10.495,10.691,1196458,0
2007-01-10,10.716,10.786,10.598,10.719,1042133,0
2007-01-11,10.753,10.915,10.696,10.723,2207357,0
2007-01-12,10.699,10.704,10.515,10.532,16313305,0
2007-01-16,10.585,10.651,10.561,10.628,3610507,0
2007-01-17,10.647,10.668,10.532,10.552,3423924,0
2007-01-18,10.561,10.585,10.433,10.478,3819286,0
2007-01-19,10.51,10.598,10.483,10.552,3247229,0
2007-01-22,10.59,10.59,10.515,10.552,1896555,0
2007-01-23,10.571,10.608,10.538,10.585,1885426,0
2007-01-24,10.62,10.639,10.585,10.625,1880483,0
2007-01-25,10.633,10.642,10.538,10.556,1760878,0
2007-01-26,10.613,10.639,10.527,10.585,1762155,0
2007-01-29,10.585,10.647,10.561,10.571,1718431,0
2007-01-30,10.571,10.59,10.538,10.575,1447852,0
2007-01-31,10.585,10.642,10.538,10.608,1790978,0
2007-02-01,10.625,10.676,10.608,10.668,2012400,0
2007-02-02,10.676,10.723,10.633,10.716,1761285,0
2007-02-05,10.719,10.746,10.668,10.727,2483722,0
2007-02-06,10.743,10.873,10.704,10.862,3078629,0
2007-02-07,10.929,10.95,10.781,10.873,2168106,0
2007-02-08,10.954,11.035,10.834,11.005,3466159,0
2007-02-09,11.12,11.216,10.852,10.986,4050853,0
2007-02-12,11.072,11.107,10.753,10.977,3118487,0
2007-02-13,11.005,11.203,11.005,11.168,2467802,0
2007-02-14,11.221,11.316,11.15,11.236,2390954,0
2007-02-15,11.254,11.298,11.114,11.187,1707607,0
2007-02-16,11.187,11.413,11.187,11.369,1607438,0
2007-02-20,11.474,11.563,11.393,11.527,2455232,0
2007-02-21,11.426,11.426,11.088,11.221,3533822,0
2007-02-22,11.24,11.298,11.112,11.191,1880904,0
2007-02-23,11.191,11.191,10.939,11.027,2457903,0
2007-02-26,11.112,11.112,10.83,10.911,2685712,0
2007-02-27,10.781,10.882,10.488,10.522,3086405,0
2007-02-28,10.548,10.9,10.471,10.839,6951204,0
2007-03-01,10.733,10.882,10.52,10.639,3012888,0
2007-03-02,10.561,10.647,10.433,10.452,2374205,0
2007-03-05,10.288,10.346,8.2676,9.7,9241351,0
2007-03-06,9.878,10.24,9.829,10.142,3203921,0
2007-03-07,10.222,10.304,10.06,10.238,3024910,0
2007-03-08,10.385,10.58,10.285,10.368,2748146,0
2007-03-09,10.51,10.585,10.24,10.368,2335763,0
2007-03-12,10.322,10.515,10.314,10.399,2134639,0
2007-03-13,10.395,10.395,9.825,9.903,6782417,0
2007-03-14,9.921,10.222,9.73,10.117,3143390,0
2007-03-15,10.132,10.374,10.132,10.368,1687397,0
2007-03-16,10.368,10.488,10.174,10.24,3613813,0
2007-03-19,10.285,10.446,10.277,10.368,2101698,0
2007-03-20,10.117,10.322,10.036,10.314,1990346,0
2007-03-21,10.309,10.353,10.108,10.251,2412653,0
2007-03-22,10.265,10.293,10.105,10.127,2206573,0
2007-03-23,10.132,10.24,10.105,10.204,1590387,0
2007-03-26,10.232,10.271,10.165,10.271,4158317,0
2007-03-27,10.238,10.332,10.189,10.232,1032414,0
2007-03-28,10.194,10.24,10.036,10.05,2491463,0
2007-03-29,10.155,10.169,10.036,10.159,1216361,0
2007-03-30,10.18,10.251,10.092,10.228,2009414,0
2007-04-02,10.298,10.322,10.194,10.322,1305504,0
2007-04-03,10.365,10.515,10.353,10.48,1297759,0
2007-04-04,10.466,10.739,10.466,10.613,1824791,0
2007-04-05,10.603,10.733,10.59,10.633,1315194,0
2007-04-09,10.763,10.763,10.532,10.556,1370939,0
2007-04-10,10.566,10.62,10.495,10.58,1328633,0
2007-04-11,10.603,10.603,10.346,10.407,1687062,0
2007-04-12,10.293,10.332,10.05,10.228,2349470,0
2007-04-13,10.228,10.238,10.108,10.213,3245368,0
2007-04-16,10.246,10.471,10.136,10.456,1709002,0
2007-04-17,10.488,10.639,10.452,10.461,1539209,0
2007-04-18,10.483,10.608,10.439,10.52,1292687,0
2007-04-19,10.446,10.608,10.298,10.374,1981837,0
2007-04-20,10.392,10.527,10.277,10.337,1906695,0
2007-04-23,10.337,10.425,10.293,10.368,1507061,0
2007-04-24,10.428,10.441,10.332,10.346,1200674,0
2007-04-25,10.418,10.575,10.281,10.552,1921053,0
2007-04-26,10.561,10.613,10.428,10.561,1446298,0
2007-04-27,10.603,10.642,10.471,10.59,1431438,0
2007-04-30,10.633,10.71,10.488,10.499,1651252,0
2007-05-01,10.538,10.6,10.439,10.488,1516023,0
2007-05-02,10.51,10.647,10.452,10.48,1899208,0
2007-05-03,10.488,10.62,10.446,10.552,1472726,0
2007-05-04,10.62,10.739,10.603,10.716,1226253,0
2007-05-07,10.746,10.8,10.647,10.662,1766642,0
2007-05-08,10.662,10.699,10.522,10.691,909555,0
2007-05-09,10.676,10.868,10.608,10.818,1388563,0
2007-05-10,10.797,10.81,10.59,10.625,1396303,0
2007-05-11,10.651,10.776,10.556,10.771,1259195,0
2007-05-14,10.797,10.862,10.686,10.776,2066208,0
2007-05-15,10.818,10.839,10.647,10.647,1452566,0
2007-05-16,10.68,10.733,10.527,10.613,2732862,0
2007-05-17,10.566,10.651,10.527,10.561,1509164,0
2007-05-18,10.608,10.642,10.527,10.613,1382144,0
2007-05-21,10.639,10.743,10.633,10.651,2021088,0
2007-05-22,10.676,10.699,10.561,10.58,2042422,0
2007-05-23,10.608,10.633,10.456,10.478,1832566,0
2007-05-24,10.51,10.515,10.322,10.385,1882475,0
2007-05-25,10.446,10.538,10.428,10.515,1396711,0
2007-05-29,10.556,10.791,10.503,10.753,2178379,0
2007-05-30,10.776,11.131,10.758,11.097,2498150,0
2007-05-31,11.064,11.273,11.064,11.243,3665252,0
2007-06-01,11.265,11.426,11.206,11.393,4511413,0
2007-06-04,11.385,11.45,11.243,11.364,2580520,0
2007-06-05,11.349,11.373,11.23,11.326,1991833,0
2007-06-06,11.302,11.302,11.042,11.114,2447754,0
2007-06-07,11.114,11.174,10.856,10.983,2859413,0
2007-06-08,10.993,11.107,10.886,11.049,1982372,0
2007-06-11,11.064,11.298,11.015,11.203,1578073,0
2007-06-12,11.182,11.277,11.035,11.039,2383665,0
2007-06-13,11.101,11.221,11.042,11.144,2763294,0
2007-06-14,11.179,11.243,11.135,11.191,1235224,0
2007-06-15,11.341,11.373,11.206,11.369,3075964,0
2007-06-18,11.422,11.552,11.364,11.531,3464769,0
2007-06-19,11.341,11.349,11.191,11.307,2404593,0
2007-06-20,11.349,11.437,10.996,11.02,1933037,0
2007-06-21,10.996,11.049,10.758,11.005,2006642,0
2007-06-22,10.967,11.005,10.767,10.834,3915438,0
2007-06-25,10.834,10.891,10.642,10.805,2329696,0
2007-06-26,10.786,10.81,10.552,10.696,2205814,0
2007-06-27,10.603,10.672,10.368,10.561,3254670,0
2007-06-28,10.598,10.603,10.412,10.515,2327512,0
2007-06-29,10.556,10.691,10.189,10.285,2835076,0
2007-07-02,10.222,10.515,10.189,10.51,2215543,0
2007-07-03,10.51,10.58,10.478,10.566,1342693,0
2007-07-05,10.566,10.566,10.428,10.522,1834570,0
2007-07-06,10.499,10.686,10.441,10.668,1756651,0
2007-07-09,10.691,10.719,10.58,10.6,1539687,0
2007-07-10,10.571,10.62,10.439,10.446,2093120,0
2007-07-11,10.461,10.598,10.402,10.446,1609662,0
2007-07-12,10.425,10.753,10.425,10.753,2181513,0
2007-07-13,10.746,10.934,10.704,10.9,2157264,0
2007-07-16,10.856,11.064,10.814,10.873,2305157,0
2007-07-17,10.924,10.986,10.672,10.943,2190411,0
2007-07-18,10.915,10.943,10.6,10.753,2017218,0
2007-07-19,10.786,10.882,10.662,10.814,1574655,0
2007-07-20,10.791,10.797,10.441,10.446,2943580,0
2007-07-23,10.538,10.753,10.538,10.633,2098076,0
2007-07-24,10.58,10.608,10.06,10.084,3075765,0
2007-07-25,10.132,10.198,9.524,9.882,5106978,0
2007-07-26,9.73,9.757,9.196,9.4907,5599291,0
2007-07-27,9.4468,10.028,9.4146,9.878,5024392,0
2007-07-30,9.916,10.036,9.654,9.972,3310672,0
2007-07-31,10.065,10.495,10.065,10.078,4112094,0
2007-08-01,10.045,10.222,9.0086,9.74,6259987,0
2007-08-02,9.7,9.972,9.677,9.868,3744552,0
2007-08-03,9.875,9.897,9.557,9.591,2622850,0
2007-08-06,9.553,9.764,9.2008,9.648,4081586,0
2007-08-07,9.557,9.989,9.557,9.964,3265782,0
2007-08-08,9.911,10.62,9.903,10.488,3745080,0
2007-08-09,10.277,10.743,10.039,10.277,4224034,0
2007-08-10,10.039,10.625,9.897,10.552,3615355,0
2007-08-13,10.68,10.746,10.365,10.407,2237857,0
2007-08-14,10.471,10.495,9.892,9.907,1989661,0
2007-08-15,9.825,9.835,9.2937,9.3191,5712426,0
2007-08-16,9.1656,9.73,8.6581,9.635,4730852,0
2007-08-17,10.332,10.368,9.635,10.092,3176518,0
2007-08-20,10.117,10.277,9.882,10.028,2077493,0
2007-08-21,10.084,10.395,9.903,10.353,1740219,0
2007-08-22,10.471,10.608,10.353,10.483,1496987,0
2007-08-23,10.51,10.515,10.255,10.466,1281892,0
2007-08-24,10.515,10.571,10.418,10.556,1553863,0
2007-08-27,10.608,10.62,10.478,10.566,1004760,0
2007-08-28,10.466,10.51,10.069,10.117,1794635,0
2007-08-29,10.198,10.365,10.039,10.357,1359605,0
2007-08-30,10.342,10.446,10.189,10.246,998520,0
2007-08-31,10.418,10.503,10.357,10.439,1429285,0
2007-09-04,10.585,10.662,10.452,10.598,1279103,0
2007-09-05,10.548,10.598,10.374,10.425,1174255,0
2007-09-06,10.499,10.598,10.322,10.499,1127524,0
2007-09-07,10.478,10.483,10.232,10.418,1811895,0
2007-09-10,10.483,10.522,10.18,10.38,1842504,0
2007-09-11,10.078,10.174,9.997,10.036,3384776,0
2007-09-12,9.807,9.821,9.557,9.557,5277127,0
2007-09-13,9.4634,9.536,9.4468,9.4634,20049280,0
2007-09-14,9.4634,9.624,9.438,9.573,7392059,0
2007-09-17,9.58,9.586,9.506,9.557,4863200,0
2007-09-18,9.597,9.719,9.515,9.683,4702444,0
2007-09-19,9.757,9.811,9.662,9.783,4461437,0
2007-09-20,9.797,9.797,9.635,9.716,2738344,0
2007-09-21,9.788,9.821,9.719,9.774,3009802,0
2007-09-24,9.821,9.868,9.677,9.711,1993639,0
2007-09-25,9.662,9.7,9.586,9.658,1844404,0
2007-09-26,9.7,9.892,9.677,9.829,2298533,0
2007-09-27,9.892,9.989,9.757,9.972,1826900,0
2007-09-28,9.95,10.039,9.875,9.941,2533237,0
2007-10-01,9.916,9.978,9.864,9.903,2161255,0
2007-10-02,9.903,10.045,9.868,10.036,2278697,0
2007-10-03,10.017,10.145,9.946,10.06,1363280,0
2007-10-04,10.084,10.433,10.039,10.425,2508129,0
2007-10-05,10.456,10.488,10.281,10.38,1688470,0
2007-10-08,10.399,10.433,10.285,10.332,1376778,0
2007-10-09,10.298,10.399,10.174,10.38,1681211,0
2007-10-10,10.346,10.357,10.26,10.322,1499839,0
2007-10-11,10.326,10.392,10.084,10.122,1695963,0
2007-10-12,10.084,10.318,10.069,10.281,1019531,0
2007-10-15,10.277,10.277,9.972,10.092,1917390,0
2007-10-16,10.092,10.092,9.859,9.972,1645493,0
2007-10-17,9.959,10.045,9.757,9.903,1635167,0
2007-10-18,9.821,9.997,9.774,9.97,1224031,0
2007-10-19,9.97,9.97,9.58,9.58,2590836,0
2007-10-22,9.557,10.032,9.442,10.006,2274579,0
2007-10-23,10.05,10.073,9.854,10.032,1550781,0
2007-10-24,10.036,10.036,9.639,9.878,1394274,0
2007-10-25,9.868,9.931,9.635,9.835,1746756,0
2007-10-26,9.903,10.036,9.797,10.032,1723594,0
2007-10-29,10.021,10.06,9.907,9.921,1757637,0
2007-10-30,9.916,9.935,9.797,9.815,1667717,0
2007-10-31,9.892,10.011,9.74,9.941,1724032,0
2007-11-01,9.851,9.886,9.547,9.764,2579078,0
2007-11-02,9.764,9.801,9.4761,9.644,2097412,0
2007-11-05,9.553,9.591,9.2986,9.511,2611063,0
2007-11-06,9.3864,9.783,9.3805,9.757,2563283,0
2007-11-07,9.0522,9.4029,8.6581,8.7788,7432614,0
2007-11-08,8.9127,9.1427,8.6117,9.0522,3860621,0
2007-11-09,8.8997,9.1598,8.8392,8.9602,3336382,0
2007-11-12,9.0522,9.2732,9.0002,9.0281,1941134,0
2007-11-13,9.1322,9.2609,9.0355,9.2075,1813784,0
2007-11-14,9.2284,9.3044,8.9723,8.9844,2252802,0
2007-11-15,8.9844,9.0884,8.7208,8.8643,2051508,0
2007-11-16,8.8793,9.0113,8.7489,8.8793,2218323,0
2007-11-19,8.7788,8.8125,8.6072,8.6117,3202066,0
2007-11-20,8.6072,8.6691,8.4594,8.5878,3497365,0
2007-11-21,8.5071,8.6263,8.4257,8.4594,1982580,0