Date,Open,High,Low,Close,Volume,OpenInt
2005-02-25,30.717,31.104,30.6,31.087,214817,0
2005-02-28,31.073,31.087,30.652,30.7,180957,0
2005-03-01,30.659,30.946,30.606,30.946,223738,0
2005-03-02,30.908,31.179,30.884,31.073,238730,0
2005-03-03,31.073,31.211,30.987,31.195,224381,0
2005-03-04,31.335,31.836,31.288,31.836,227100,0
2005-03-07,31.875,33.788,31.836,33.663,676255,0
2005-03-08,33.624,34.352,33.492,33.663,716061,0
2005-03-09,33.588,33.595,32.834,32.899,501505,0
2005-03-10,32.921,33.146,32.573,32.873,329596,0
2005-03-11,32.873,32.89,32.687,32.796,91254,0
2005-03-14,32.796,33.152,32.719,32.842,302839,0
2005-03-15,32.907,33.338,32.89,33.338,443985,0
2005-03-16,33.269,33.278,32.687,32.742,237567,0
2005-03-17,32.742,32.921,32.742,32.915,96942,0
2005-03-18,32.958,33.579,32.958,33.579,404560,0
2005-03-21,33.561,33.561,33.066,33.322,101075,0
2005-03-22,33.322,33.447,32.999,33.007,196079,0
2005-03-23,33.007,33.007,32.269,32.324,200214,0
2005-03-24,32.4,32.899,32.38,32.758,304523,0
2005-03-28,32.834,33.384,32.811,32.89,118652,0
2005-03-29,32.726,32.991,32.232,32.286,168549,0
2005-03-30,32.339,32.819,32.339,32.38,249328,0
2005-03-31,32.339,32.719,32.339,32.38,169324,0
2005-04-01,32.433,32.773,32.339,32.339,225803,0
2005-04-04,32.416,32.494,32.186,32.409,427182,0
2005-04-05,32.409,32.758,32.409,32.609,158592,0
2005-04-06,32.573,32.796,32.393,32.416,227744,0
2005-04-07,32.433,32.907,32.416,32.695,157428,0
2005-04-08,32.618,33.059,32.594,32.915,120464,0
2005-04-11,32.991,33.229,32.921,33.112,151097,0
2005-04-12,33.112,33.346,32.773,33.305,286686,0
2005-04-13,33.305,33.363,33.073,33.129,86857,0
2005-04-14,33.129,33.183,32.65,32.65,158592,0
2005-04-15,32.494,32.548,32.015,32.015,243125,0
2005-04-18,31.875,31.906,31.28,31.426,453678,0
2005-04-19,31.426,32.069,31.426,31.975,294180,0
2005-04-20,31.969,32.254,31.419,31.426,150192,0
2005-04-21,31.419,31.953,31.358,31.868,147477,0
2005-04-22,31.868,31.922,31.691,31.821,140368,0
2005-04-25,31.883,32.168,31.821,31.992,98359,0
2005-04-26,32.029,32.029,31.495,31.526,64884,0
2005-04-27,31.373,31.892,31.038,31.59,248552,0
2005-04-28,31.451,31.675,31.419,31.419,116455,0
2005-04-29,31.611,32.44,31.611,32.24,277893,0
2005-05-02,32.339,32.509,31.983,32.409,145669,0
2005-05-03,32.487,32.766,32.348,32.393,148769,0
2005-05-04,32.494,34.042,32.494,34.042,445146,0
2005-05-05,34.195,35.264,34.195,34.816,624682,0
2005-05-06,34.816,35.086,34.475,34.661,289653,0
2005-05-09,34.8,35.28,34.552,35.093,249717,0
2005-05-10,35.093,35.852,35.049,35.551,240928,0
2005-05-11,35.511,35.683,34.991,35.436,192588,0
2005-05-12,35.264,35.472,34.73,35.017,181856,0
2005-05-13,35.124,35.233,34.073,34.297,203704,0
2005-05-16,34.305,34.876,34.305,34.793,164796,0
2005-05-17,34.7,35.173,34.568,34.893,159629,0
2005-05-18,34.893,35.04,34.824,34.893,212879,0
2005-05-19,34.932,35.669,34.924,35.619,160404,0
2005-05-20,35.619,36.245,35.595,36.217,264971,0
2005-05-23,36.224,36.719,36.092,36.627,270397,0
2005-05-24,36.734,37.321,36.517,36.719,395643,0
2005-05-25,36.711,36.719,36.052,36.541,209389,0
2005-05-26,36.556,36.75,36.439,36.688,178889,0
2005-05-27,36.695,36.896,36.672,36.711,124342,0
2005-05-31,36.719,37.281,36.719,37.135,216630,0
2005-06-01,37.175,37.564,37.152,37.492,248812,0
2005-06-02,37.308,37.795,37.29,37.7,309690,0
2005-06-03,37.7,37.824,37.608,37.647,175524,0
2005-06-06,37.638,37.988,37.638,37.694,190908,0
2005-06-07,37.686,38.605,37.686,37.958,227614,0
2005-06-08,37.958,38.647,37.958,38.445,226449,0
2005-06-09,38.445,38.623,38.374,38.562,150063,0
2005-06-10,38.453,38.647,38.453,38.647,91899,0
2005-06-13,38.639,38.647,38.165,38.289,256048,0
2005-06-14,38.258,38.839,38.258,38.589,263546,0
2005-06-15,38.647,38.8,38.329,38.792,119171,0
2005-06-16,38.809,38.809,38.53,38.639,48859,0
2005-06-17,38.667,38.76,38.351,38.42,122015,0
2005-06-20,38.488,38.661,38.121,38.632,111029,0
2005-06-21,38.647,38.647,37.933,38.104,138175,0
2005-06-22,38.141,38.296,38.017,38.251,173198,0
2005-06-23,38.205,38.639,37.995,38.453,158983,0
2005-06-24,38.335,38.723,37.615,37.638,1558017,0
2005-06-27,37.638,38.134,37.29,37.833,341357,0
2005-06-28,37.909,38.675,37.909,38.667,198920,0
2005-06-29,38.667,38.839,38.188,38.497,131838,0
2005-06-30,38.574,38.939,38.539,38.605,126411,0
2005-07-01,38.539,38.817,38.514,38.76,66178,0
2005-07-05,38.76,39.382,38.755,39.17,128346,0
2005-07-06,38.8,38.909,38.197,38.213,211584,0
2005-07-07,38.213,38.661,38.104,38.437,250237,0
2005-07-08,38.374,39.204,38.351,39.132,137399,0
2005-07-11,39.264,40,39.162,39.696,142694,0
2005-07-12,39.776,39.776,39.357,39.45,160404,0
2005-07-13,39.061,39.373,37.988,38.554,508354,0
2005-07-14,38.554,38.639,37.63,37.951,280478,0
2005-07-15,37.858,38.08,37.539,37.586,122403,0
2005-07-18,37.539,37.716,37.369,37.462,133000,0
2005-07-19,37.462,37.462,37.02,37.339,123308,0
2005-07-20,37.214,37.787,37.059,37.787,177205,0
2005-07-21,37.864,37.864,36.743,36.75,146182,0
2005-07-22,36.711,37.63,36.648,37.63,162599,0
2005-07-25,37.586,37.68,36.882,37.068,120853,0
2005-07-26,37.097,37.499,37.027,37.245,111029,0
2005-07-27,37.206,37.29,36.976,37.135,146572,0
2005-07-28,37.252,37.369,37.09,37.135,187677,0
2005-07-29,37.059,37.47,37.059,37.382,210037,0
2005-08-01,37.447,37.707,36.811,36.91,201507,0
2005-08-02,37.02,37.7,37.02,37.578,100174,0
2005-08-03,37.423,38.025,37.231,37.523,165185,0
2005-08-04,37.6,37.6,36.859,36.867,138688,0
2005-08-05,36.918,36.918,35.852,36.108,176559,0
2005-08-08,36.169,36.402,35.587,35.767,336575,0
2005-08-09,35.845,36.245,35.719,35.784,138948,0
2005-08-10,35.859,36.34,35.603,35.852,1102784,0
2005-08-11,35.669,36.131,35.495,36.061,159629,0
2005-08-12,35.975,36.03,35.287,35.442,143341,0
2005-08-15,35.358,35.82,35.28,35.711,1135360,0
2005-08-16,35.627,35.798,35.403,35.41,128477,0
2005-08-17,35.403,35.683,35.124,35.18,141015,0
2005-08-18,35.086,35.086,34.668,34.753,142694,0
2005-08-19,34.737,34.885,34.459,34.661,106636,0
2005-08-22,34.777,35.017,34.538,34.955,236661,0
2005-08-23,34.955,35.14,34.513,34.991,181212,0
2005-08-24,34.932,35.703,34.824,34.964,114516,0
2005-08-25,35.049,35.551,34.909,35.427,73803,0
2005-08-26,35.427,35.427,34.7,34.869,85563,0
2005-08-29,34.545,35.273,34.545,35.25,94098,0
2005-08-30,35.25,35.341,34.876,35.124,142568,0
2005-08-31,35.049,35.333,34.94,35.009,211847,0
2005-09-01,35.017,35.124,34.629,34.816,260186,0
2005-09-02,34.846,34.955,34.622,34.8,97840,0
2005-09-06,34.808,34.917,34.591,34.722,131708,0
2005-09-07,34.661,34.685,34.151,34.413,152258,0
2005-09-08,34.352,34.398,33.772,33.839,261995,0
2005-09-09,33.839,34.159,33.839,34.002,182764,0
2005-09-12,33.889,34.002,33.731,33.755,182248,0
2005-09-13,33.731,33.809,33.447,33.447,188193,0
2005-09-14,33.561,33.654,33.346,33.384,174103,0
2005-09-15,33.422,34.042,33.422,33.974,331921,0
2005-09-16,34.086,34.297,33.772,33.809,493490,0
2005-09-19,33.695,34.178,33.695,34.042,221411,0
2005-09-20,34.121,34.151,33.948,34.081,148000,0
2005-09-21,34.042,34.22,33.33,33.338,245452,0
2005-09-22,33.384,33.781,33.112,33.724,194656,0
2005-09-23,33.809,34.312,33.376,34.203,188448,0
2005-09-26,34.203,34.978,34.203,34.661,249460,0
2005-09-27,34.622,35.28,34.575,35.017,213009,0
2005-09-28,35.049,35.242,34.9,35.117,319902,0
2005-09-29,35.064,35.868,34.917,35.587,160790,0
2005-09-30,35.511,35.587,35.217,35.442,131450,0
2005-10-03,35.381,36.153,35.381,35.975,162599,0
2005-10-04,35.983,36.471,35.349,35.358,169968,0
2005-10-05,35.373,35.859,35.064,35.072,313439,0
2005-10-06,35.202,35.711,33.553,34.042,395643,0
2005-10-07,34.042,35.25,34.042,35.024,172554,0
2005-10-10,35.031,35.04,34.273,34.352,101594,0
2005-10-11,34.39,34.629,33.974,33.981,175011,0
2005-10-12,33.966,34.235,33.167,33.422,152518,0
2005-10-13,33.384,33.67,32.804,33.015,199567,0
2005-10-14,33.112,33.561,32.89,33.305,133518,0
2005-10-17,33.205,33.788,33.106,33.67,132098,0
2005-10-18,33.595,33.831,33.091,33.152,112579,0
2005-10-19,33.036,33.238,31.992,33.205,330243,0
2005-10-20,33.198,33.198,32.915,33.036,369534,0
2005-10-21,33.036,33.33,32.742,32.742,167254,0
2005-10-24,32.789,33.539,32.726,33.539,130936,0
2005-10-25,33.499,33.831,32.958,33.755,157428,0
2005-10-26,33.747,33.747,32.751,32.858,214433,0
2005-10-27,32.842,32.842,31.937,32.109,261094,0
2005-10-28,32.416,33.47,32.261,33.33,133648,0
2005-10-31,33.439,34.159,33.422,34.05,230458,0
2005-11-01,33.966,33.966,33.346,33.747,136879,0
2005-11-02,33.747,34.352,33.531,34.081,108571,0
2005-11-03,34.159,34.467,33.882,33.957,96036,0
2005-11-04,33.957,34.187,33.716,34.103,104435,0
2005-11-07,34.167,34.359,33.724,34.095,102371,0
2005-11-08,34.042,34.159,33.67,33.788,115423,0
2005-11-09,33.781,34.081,33.632,33.802,97976,0
2005-11-10,33.608,33.996,32.804,33.981,123568,0
2005-11-11,33.902,33.902,33.289,33.338,43040,0
2005-11-14,33.313,33.492,32.89,33.073,73933,0
2005-11-15,33.073,33.33,32.842,32.881,83370,0
2005-11-16,32.921,32.991,32.416,32.586,94355,0
2005-11-17,32.665,33.601,32.665,33.595,61007,0
2005-11-18,33.889,34.178,33.384,34.144,69541,0
2005-11-21,34.121,34.452,33.772,34.328,73027,0
2005-11-22,35.784,35.898,34.352,35.173,351442,0
2005-11-23,35.25,35.889,35.109,35.202,173588,0
2005-11-25,35.395,35.551,35.264,35.381,29473,0
2005-11-28,35.575,35.627,35.28,35.619,138175,0
2005-11-29,35.744,36.21,35.612,35.876,143600,0
2005-11-30,36.016,36.643,35.635,35.784,251271,0
2005-12-01,35.898,36.161,35.798,36.092,200341,0
2005-12-02,36.052,36.224,35.652,36.224,72254,0
2005-12-05,36.146,36.146,35.575,35.852,108184,0
2005-12-06,35.929,36.34,35.898,36.262,72254,0
2005-12-07,36.326,36.549,36.023,36.194,222576,0
2005-12-08,36.092,36.092,35.233,35.806,183410,0
2005-12-09,35.859,36.286,35.852,36.169,52864,0
2005-12-12,36.169,36.31,35.644,35.652,54803,0
2005-12-13,35.652,35.798,35.287,35.52,98618,0
2005-12-14,35.587,35.828,35.395,35.511,104308,0
2005-12-15,35.612,35.761,34.969,35.635,150582,0
2005-12-16,35.728,36.286,35.488,35.488,242348,0
2005-12-19,35.603,35.603,34.768,34.9,86985,0
2005-12-20,34.777,35.364,34.777,35.303,85825,0
2005-12-21,35.311,35.661,35.086,35.295,85304,0
2005-12-22,35.295,35.349,34.991,35.147,67468,0
2005-12-23,35.225,35.25,34.737,35.049,48602,0
2005-12-27,35.049,35.093,34.444,34.444,227485,0
2005-12-28,34.452,34.777,34.39,34.522,121754,0
2005-12-29,34.522,34.583,34.32,34.482,93577,0
2005-12-30,34.39,34.39,33.957,34.042,125893,0
2006-01-03,34.167,35.381,33.909,35.273,141015,0
2006-01-04,35.25,35.619,34.978,35.559,101336,0
2006-01-05,35.559,35.559,35.086,35.349,67858,0
2006-01-06,35.504,35.661,35.086,35.504,54027,0
2006-01-09,35.551,35.784,35.403,35.587,101204,0
2006-01-10,35.551,35.784,35.488,35.582,63076,0
2006-01-11,35.582,35.683,35.202,35.326,154590,0
2006-01-12,35.295,35.466,34.985,35.009,57773,0
2006-01-13,34.9,35.194,34.599,34.715,109479,0
2006-01-17,34.522,34.876,34.305,34.824,117492,0
2006-01-18,34.737,34.948,34.545,34.808,70442,0
2006-01-19,34.808,35.208,34.583,35.165,62817,0
2006-01-20,35.303,35.303,34.876,34.924,67989,0
2006-01-23,34.932,34.985,34.235,34.545,82595,0
2006-01-24,34.568,34.893,34.506,34.753,81818,0
2006-01-25,34.745,34.745,34.144,34.345,110512,0
2006-01-26,34.622,34.7,34.267,34.622,115552,0
2006-01-27,34.7,35.242,34.638,34.948,148769,0
2006-01-30,34.932,35.202,34.444,34.622,129769,0
2006-01-31,34.491,34.53,34.212,34.267,152258,0
2006-02-01,34.267,34.406,34.081,34.159,110253,0
2006-02-02,34.121,34.359,33.422,34.252,187677,0
2006-02-03,34.328,34.816,34.273,34.398,114002,0
2006-02-06,34.273,34.545,33.94,34.159,181212,0
2006-02-07,34.151,34.43,33.889,33.989,110770,0
2006-02-08,34.042,34.167,33.772,34.011,89317,0
2006-02-09,34.011,34.259,33.731,33.966,77293,0
2006-02-10,33.957,34.359,33.624,34.22,87894,0
2006-02-13,34.002,34.159,33.261,33.579,184059,0
2006-02-14,33.601,33.957,33.363,33.772,106248,0
2006-02-15,33.731,34.033,33.462,34.033,116200,0
2006-02-16,34.43,35.652,34.422,34.816,224122,0
2006-02-17,34.932,35.395,34.793,35.14,242348,0
2006-02-21,35.18,35.28,35.024,35.156,297802,0
2006-02-22,35.156,35.495,35.117,35.358,188968,0
2006-02-23,35.358,36.146,34.737,36.083,371733,0
2006-02-24,36.083,36.194,35.711,36.023,110512,0
2006-02-27,36.023,36.354,36.023,36.177,136879,0
2006-02-28,36.177,36.177,35.669,36.108,87502,0
2006-03-01,36.21,36.317,35.953,36.302,71348,0
2006-03-02,36.302,36.302,35.767,36.077,93577,0
2006-03-03,35.953,36.31,35.828,35.923,95390,0
2006-03-06,35.587,35.915,35.551,35.792,121754,0
2006-03-07,35.696,35.728,35.156,35.242,168155,0
2006-03-08,35.242,35.358,34.808,35.049,123436,0
2006-03-09,35.147,35.349,34.7,34.839,120981,0
2006-03-10,34.816,35.165,34.482,35.009,103787,0
2006-03-13,35.072,35.333,34.352,35.024,89571,0
2006-03-14,35.024,35.52,34.793,35.403,104824,0
2006-03-15,35.388,35.466,35.056,35.349,98106,0
2006-03-16,35.373,35.551,35.18,35.419,112192,0
2006-03-17,35.542,35.542,35.165,35.273,315120,0
2006-03-20,35.273,35.457,35.147,35.381,173069,0
2006-03-21,35.41,35.442,35.078,35.28,135458,0
2006-03-22,36.016,36.016,35.264,35.582,206673,0
2006-03-23,35.504,35.898,35.256,35.898,183797,0
2006-03-24,35.953,36.146,35.812,36.146,118397,0
2006-03-27,36.138,36.146,35.627,35.99,145538,0
2006-03-28,35.929,36.047,35.627,36.016,107149,0
2006-03-29,36.75,36.75,35.907,36.224,393965,0
2006-03-30,36.146,36.278,36.016,36.253,147091,0
2006-03-31,36.99,36.99,35.859,36.052,159242,0
2006-04-03,36.092,36.217,35.868,36.169,192716,0
2006-04-04,36.245,36.556,35.99,36.278,99398,0
2006-04-05,36.37,36.439,35.915,36.378,102498,0
2006-04-06,36.402,36.918,35.983,36.038,342133,0
2006-04-07,36.131,36.378,35.256,35.381,167772,0
2006-04-10,35.457,35.967,35.319,35.627,128866,0
2006-04-11,35.711,35.99,35.619,35.82,138303,0
2006-04-12,35.683,35.859,35.264,35.457,102754,0
2006-04-13,35.436,35.582,34.917,35.086,98487,0
2006-04-17,35.031,35.358,34.839,35.358,164280,0
2006-04-18,35.358,35.837,35.358,35.696,230845,0
2006-04-19,35.761,36.456,35.761,36.424,196594,0
2006-04-20,36.424,36.533,35.792,36.131,134420,0
2006-04-21,36.672,36.734,35.767,36.047,135846,0
2006-04-24,36.047,36.047,35.542,35.852,186512,0
2006-04-25,35.852,36.069,35.202,35.975,139593,0
2006-04-26,35.975,36.116,35.52,35.669,119558,0
2006-04-27,35.511,36.278,35.326,35.719,85304,0
2006-04-28,35.587,36.31,35.551,36.185,104694,0
2006-05-01,36.286,36.634,36.122,36.122,209777,0
2006-05-02,36.122,37.115,35.845,36.702,156786,0
2006-05-03,36.634,36.672,36.153,36.502,90993,0
2006-05-04,36.51,36.648,36.245,36.526,120464,0
2006-05-05,36.533,37.47,36.23,37.261,199308,0
2006-05-08,37.261,37.564,37.135,37.36,172425,0
2006-05-09,37.252,37.315,36.967,37.02,218954,0
2006-05-10,37.02,37.231,36.951,37.035,134553,0
2006-05-11,36.802,36.851,35.898,35.953,258503,0
2006-05-12,35.915,36.016,35.481,35.511,124989,0
2006-05-15,35.436,35.852,35.165,35.696,124598,0
2006-05-16,35.619,35.868,35.511,35.595,74060,0
2006-05-17,35.442,35.703,34.668,34.759,318095,0
2006-05-18,34.737,34.893,34.359,34.39,188063,0
2006-05-19,34.39,35.117,34.305,35.049,162341,0
2006-05-22,34.853,35.736,34.753,35.551,290304,0
2006-05-23,35.703,36.069,35.41,35.575,298058,0
2006-05-24,35.495,36.038,35.009,35.661,276859,0
2006-05-25,35.82,36.03,35.41,36.03,195433,0
2006-05-26,36.169,36.169,35.683,35.859,195692,0
2006-05-30,35.784,35.784,34.824,34.839,229812,0
2006-05-31,34.869,35.52,34.737,35.187,273630,0
2006-06-01,35.28,35.69,34.893,35.551,281126,0
2006-06-02,35.728,35.999,35.381,35.784,351956,0
2006-06-05,35.703,35.923,35.381,35.551,297929,0
2006-06-06,35.644,35.744,35.086,35.595,286168,0
2006-06-07,35.669,36.293,35.559,35.938,182633,0
2006-06-08,35.938,36.603,35.703,36.517,314212,0
2006-06-09,36.51,36.643,36.169,36.486,164280,0
2006-06-12,36.502,36.556,36.03,36.194,210939,0
2006-06-13,36.27,36.587,34.94,35.072,328949,0
2006-06-14,34.816,35.364,34.661,35.217,242997,0
2006-06-15,35.295,36.131,35.273,35.884,212879,0
2006-06-16,35.889,36.262,35.208,35.457,445276,0
2006-06-19,35.504,35.52,34.853,35.364,205899,0
2006-06-20,35.427,35.753,35.187,35.395,204732,0
2006-06-21,35.511,35.767,35.326,35.358,177077,0
2006-06-22,35.28,35.381,34.816,35.295,141792,0
2006-06-23,35.156,35.69,34.924,35.28,112450,0
2006-06-26,35.326,35.575,35.14,35.358,85955,0
2006-06-27,35.273,35.696,34.853,35.109,176816,0
2006-06-28,35.319,35.575,35.319,35.481,199567,0
2006-06-29,35.587,36.047,35.488,35.975,378066,0
2006-06-30,36.052,36.643,35.744,36.634,301291,0
2006-07-03,36.596,36.643,36.286,36.603,135585,0
2006-07-05,36.526,36.75,36.302,36.479,194264,0
2006-07-06,36.479,36.867,36.479,36.743,208616,0
2006-07-07,36.75,36.882,36.326,36.486,458587,0
2006-07-10,36.486,36.99,36.362,36.935,272850,0
2006-07-11,36.827,37.539,36.656,37.485,263678,0
2006-07-12,37.407,37.694,36.896,36.926,253726,0
2006-07-13,36.851,37.261,36.556,36.811,279705,0
2006-07-14,36.743,37.068,36.286,36.843,292112,0
2006-07-17,36.78,37.121,36.556,36.765,116327,0
2006-07-18,36.802,37.135,36.596,36.982,240538,0
2006-07-19,37.068,37.995,37.043,37.871,167643,0
2006-07-20,37.864,37.864,37.399,37.578,293531,0
2006-07-21,37.578,37.951,37.375,37.732,191811,0
2006-07-24,37.833,38.141,37.795,37.924,135976,0
2006-07-25,37.924,37.924,36.882,37.347,715802,0
2006-07-26,37.347,37.47,37.027,37.143,194264,0
2006-07-27,37.189,37.485,36.874,37.143,185738,0
2006-07-28,36.96,37.564,36.827,37.083,212620,0
2006-07-31,36.773,36.874,35.744,35.915,464664,0
2006-08-01,35.82,36.765,35.744,36.224,391121,0
2006-08-02,36.362,36.533,35.784,35.884,275439,0
2006-08-03,35.744,36.217,35.744,35.983,238213,0
2006-08-04,36.362,36.439,35.674,36.016,219730,0
2006-08-07,35.82,36.038,34.969,35.017,217275,0
2006-08-08,35.093,35.767,35.093,35.156,288619,0
2006-08-09,35.319,35.41,34.73,34.839,237310,0
2006-08-10,34.722,35.173,34.685,34.893,196980,0
2006-08-11,34.645,34.745,34.235,34.561,253726,0
2006-08-14,34.715,35.194,34.661,34.932,239503,0
2006-08-15,35.319,35.703,35.124,35.669,278926,0
2006-08-16,35.744,35.792,35.364,35.511,232656,0
2006-08-17,35.436,35.52,35.165,35.295,179790,0
2006-08-18,35.364,35.652,35.124,35.595,74321,0
2006-08-21,35.488,35.775,35.449,35.559,116069,0
2006-08-22,35.488,36.007,35.403,35.915,149159,0
2006-08-23,35.945,36.131,35.225,35.349,277764,0
2006-08-24,35.427,35.587,35.202,35.349,154717,0
2006-08-25,35.28,35.744,35.217,35.388,176947,0
2006-08-28,35.472,35.99,35.472,35.876,208228,0
2006-08-29,35.876,35.898,35.534,35.703,284618,0
2006-08-30,35.767,35.898,35.587,35.603,156525,0
2006-08-31,35.612,35.767,35.511,35.542,207066,0
2006-09-01,35.551,35.812,35.551,35.627,156399,0
2006-09-05,35.635,35.635,35.388,35.419,180692,0
2006-09-06,35.225,35.256,34.816,34.824,227870,0
2006-09-07,34.645,34.777,34.305,34.365,250492,0
2006-09-08,34.359,34.613,34.273,34.591,136363,0
2006-09-11,34.467,34.613,34.312,34.398,116455,0
2006-09-12,34.398,34.467,34.259,34.413,82595,0
2006-09-13,34.422,34.786,34.235,34.786,131708,0
2006-09-14,34.661,34.808,34.328,34.413,191426,0
2006-09-15,34.606,34.777,34.398,34.482,329855,0
2006-09-18,34.39,34.613,33.957,34.081,141663,0
2006-09-19,34.081,34.235,33.639,34.05,218178,0
2006-09-20,34.121,34.252,33.831,34.065,150320,0
2006-09-21,34.135,34.167,33.601,33.739,129253,0
2006-09-22,33.695,33.702,33.478,33.608,157557,0
2006-09-25,33.632,33.924,33.47,33.781,169579,0
2006-09-26,33.781,34.042,33.695,33.788,126926,0
2006-09-27,33.724,34.195,33.702,34.151,149159,0
2006-09-28,34.229,34.305,33.889,34.033,99782,0
2006-09-29,34.042,34.144,33.615,33.615,151352,0
2006-10-02,33.924,34.033,33.624,33.772,178498,0
2006-10-03,33.663,33.996,33.392,33.663,210812,0
2006-10-04,33.539,34.073,33.539,34.065,109610,0
2006-10-05,34.159,34.452,33.895,34.011,160404,0
2006-10-06,34.011,34.011,33.601,33.731,160274,0
2006-10-09,33.654,33.695,33.478,33.561,145538,0
2006-10-10,33.485,33.485,32.921,33.158,526189,0
2006-10-11,33.152,33.261,32.941,33.211,360618,0
2006-10-12,33.289,33.499,33.073,33.439,395257,0
2006-10-13,33.499,33.731,33.462,33.485,180051,0
2006-10-16,33.462,33.823,33.255,33.788,342262,0
2006-10-17,34.452,34.452,33.579,33.695,157301,0
2006-10-18,33.809,34.086,33.795,33.996,385692,0
2006-10-19,33.966,34.243,33.895,34.002,147737,0
2006-10-20,34.103,34.121,33.889,33.966,79879,0
2006-10-23,33.809,33.974,33.639,33.856,163635,0
2006-10-24,33.781,33.831,33.422,33.831,95774,0
2006-10-25,33.856,34.475,33.856,34.452,459496,0
2006-10-26,34.53,34.53,34.159,34.43,151352,0
2006-10-27,34.39,34.513,34.095,34.151,85177,0
2006-10-30,35.009,35.009,34.273,34.622,192196,0
2006-10-31,34.777,35.117,34.677,34.893,212750,0
2006-11-01,34.955,35.341,34.94,35.124,218570,0
2006-11-02,35.009,35.18,34.885,35.078,310852,0
2006-11-03,35.14,35.395,34.969,35.303,237827,0
2006-11-06,35.41,35.567,35.264,35.427,104565,0
2006-11-07,35.419,35.736,35.233,35.381,109992,0
2006-11-08,35.25,36.052,35.25,35.852,168676,0
2006-11-09,35.898,35.898,35.551,35.703,135069,0
2006-11-10,35.761,35.975,35.744,35.938,69280,0
2006-11-13,35.784,35.828,35.436,35.587,152518,0
2006-11-14,35.669,36.083,35.472,36.069,107020,0
2006-11-15,36.131,36.131,35.898,36.023,126797,0
2006-11-16,36.023,36.27,35.915,36.023,93193,0
2006-11-17,36.023,36.169,35.753,35.915,62429,0
2006-11-20,35.784,36.052,35.719,35.876,51056,0
2006-11-21,35.898,35.945,35.627,35.792,41233,0
2006-11-22,35.798,35.868,35.635,35.674,64111,0
2006-11-24,35.603,35.837,35.575,35.627,52995,0
2006-11-27,35.481,35.534,35.358,35.511,174751,0
2006-11-28,35.488,35.907,35.488,35.683,79489,0
2006-11-29,35.852,36.047,35.595,35.938,132872,0
2006-11-30,35.876,36.177,35.744,36.077,121369,0
2006-12-01,36.077,36.122,35.567,35.828,159368,0
2006-12-04,35.907,36.541,35.907,36.471,121626,0
2006-12-05,36.556,37.012,36.502,36.834,189999,0
2006-12-06,36.75,36.75,36.502,36.572,110641,0
2006-12-07,36.526,36.711,36.052,36.286,89444,0
2006-12-08,36.21,36.378,35.953,36.061,71089,0
2006-12-11,36.016,36.052,35.884,35.975,96809,0
2006-12-12,35.828,36.471,35.828,36.302,133263,0
2006-12-13,36.439,36.486,36.21,36.326,85825,0
2006-12-14,36.278,36.51,36.21,36.479,148128,0
2006-12-15,36.556,36.75,36.494,36.656,248299,0
2006-12-18,36.728,36.734,35.792,35.898,104824,0
2006-12-19,35.859,36.245,35.753,36.122,85825,0
2006-12-20,36.122,36.596,35.898,36.047,107926,0
2006-12-21,36.061,36.433,35.728,35.907,101594,0
2006-12-22,35.945,36.138,35.719,35.923,49895,0
2006-12-26,35.898,36.471,35.898,36.471,60619,0
2006-12-27,36.627,36.78,36.517,36.773,76517,0
2006-12-28,36.773,36.773,36.37,36.385,58810,0
2006-12-29,36.31,36.424,35.929,36.007,93836,0
2007-01-03,36.161,36.402,35.806,36.138,149033,0
2007-01-04,36.108,36.486,35.859,36.409,190651,0
2007-01-05,36.253,36.253,35.225,35.612,137527,0
2007-01-08,35.587,35.923,35.273,35.907,237441,0
2007-01-09,35.945,36.131,35.388,36.116,203445,0
2007-01-10,35.961,36.332,35.889,36.238,196594,0
2007-01-11,36.238,36.827,36.238,36.75,171262,0
2007-01-12,36.711,36.967,36.688,36.918,144636,0
2007-01-16,37.043,37.143,36.802,36.903,157428,0
2007-01-17,36.903,36.951,36.556,36.695,141271,0
2007-01-18,36.618,36.896,36.549,36.734,182892,0
2007-01-19,36.867,36.867,36.533,36.743,126797,0
2007-01-22,36.743,36.743,36.362,36.695,103017,0
2007-01-23,36.627,36.889,36.486,36.795,190908,0
2007-01-24,36.827,37.238,36.78,37.231,85563,0
2007-01-25,37.181,37.231,36.711,36.918,135199,0
2007-01-26,36.918,37.09,36.51,37.059,84405,0
2007-01-29,36.982,37.391,36.75,37.161,105081,0
2007-01-30,37.238,37.432,37.012,37.415,109866,0
2007-01-31,37.369,37.564,36.982,37.206,130936,0
2007-02-01,37.238,37.68,37.238,37.638,72383,0
2007-02-02,37.787,37.787,37.47,37.664,104824,0
2007-02-05,37.6,37.756,37.214,37.756,109479,0
2007-02-06,37.795,37.924,37.672,37.924,66178,0
2007-02-07,37.995,38.065,37.672,37.88,131708,0
2007-02-08,37.88,38.213,37.787,38.112,167512,0
2007-02-09,38.134,38.304,37.909,38.197,197886,0
2007-02-12,38.22,38.351,37.841,37.924,182783,0
2007-02-13,37.77,37.833,37.53,37.833,83539,0
2007-02-14,37.824,38.445,37.564,37.615,183252,0
2007-02-15,37.6,37.655,37.075,37.6,221023,0
2007-02-16,37.833,38.28,37.33,37.858,257085,0
2007-02-20,37.988,38.18,37.121,38.08,152648,0
2007-02-21,38.003,38.034,37.382,37.485,161181,0
2007-02-22,37.462,37.485,37.027,37.135,260313,0
2007-02-23,37.135,37.407,36.967,37.267,191811,0
2007-02-26,37.454,37.942,37.175,37.423,163635,0
2007-02-27,37.189,37.506,36.253,36.347,181339,0
2007-02-28,36.402,36.834,35.929,36.23,215593,0
2007-03-01,35.898,36.719,34.759,36.486,187031,0
2007-03-02,36.394,36.424,35.837,35.837,210812,0
2007-03-05,35.511,36.153,35.147,35.202,213786,0
2007-03-06,35.395,35.938,35.287,35.812,151224,0
2007-03-07,35.761,35.82,35.504,35.52,110897,0
2007-03-08,35.711,35.884,35.52,35.703,132615,0
2007-03-09,35.898,35.923,35.587,35.767,136622,0
2007-03-12,35.775,36.077,35.595,36.077,91767,0
2007-03-13,35.898,35.983,35.18,35.28,153295,0
2007-03-14,35.194,35.627,34.94,35.504,133000,0
2007-03-15,35.528,35.828,35.466,35.612,163764,0
2007-03-16,35.551,35.644,35.264,35.358,295732,0
2007-03-19,35.551,35.69,35.208,35.273,293403,0
2007-03-20,35.256,35.575,35.14,35.488,297670,0
2007-03-21,35.488,36.394,35.18,36.394,224122,0
2007-03-22,36.51,36.603,36.131,36.37,143087,0
2007-03-23,36.37,36.634,36.194,36.439,86603,0
2007-03-26,36.479,36.734,36.217,36.734,132226,0
2007-03-27,36.695,36.695,36.464,36.517,120591,0
2007-03-28,36.385,36.711,36.354,36.479,332049,0
2007-03-29,36.672,36.672,36.03,36.402,122146,0
2007-03-30,36.418,36.587,35.784,36.069,203315,0
2007-04-02,36.069,36.253,35.876,36.069,267810,0
2007-04-03,36.153,36.643,36.007,36.564,232784,0
2007-04-04,36.643,36.743,36.526,36.596,263288,0
2007-04-05,36.549,37.012,36.448,36.882,127056,0
2007-04-09,36.91,37.423,36.91,37.33,158852,0
2007-04-10,37.391,37.779,37.238,37.539,141271,0
2007-04-11,37.523,37.555,36.976,37.043,191426,0
2007-04-12,37.005,37.198,36.834,37.189,137137,0
2007-04-13,37.175,37.399,37.035,37.36,312148,0
2007-04-16,37.523,37.833,37.523,37.833,83625,0
2007-04-17,37.808,38.296,37.615,38.188,179146,0
2007-04-18,38.041,38.42,37.864,38.22,180182,0
2007-04-19,38.065,38.53,37.871,38.344,215464,0
2007-04-20,38.698,38.698,38.289,38.567,142694,0
2007-04-23,38.567,38.902,38.567,38.767,128993,0
2007-04-24,38.767,38.876,38.42,38.823,120591,0
2007-04-25,38.148,39.148,38.148,38.976,96036,0
2007-04-26,38.976,39.132,38.639,38.839,199308,0
2007-04-27,38.698,38.902,38.437,38.522,128607,0
2007-04-30,38.545,38.667,37.382,37.454,226449,0
2007-05-01,37.573,37.965,37.252,37.916,158983,0
2007-05-02,37.973,38.335,37.88,38.22,137782,0
2007-05-03,38.22,38.581,38.141,38.312,125763,0
2007-05-04,39.264,39.69,38.08,38.474,276472,0
2007-05-07,38.545,39.04,38.148,38.675,253981,0
2007-05-08,38.714,38.96,38.329,38.389,256955,0
2007-05-09,38.382,38.675,38.148,38.351,228650,0
2007-05-10,38.173,38.173,37.447,37.68,242867,0
2007-05-11,37.724,38.128,37.564,38.128,157819,0
2007-05-14,38.488,38.488,38.258,38.36,263288,0
2007-05-15,38.36,38.953,37.795,38.017,338641,0
2007-05-16,38.18,38.605,38.003,38.141,190651,0
2007-05-17,38.112,38.321,37.615,37.951,164411,0
2007-05-18,37.973,38.321,37.694,38.065,204732,0
2007-05-21,38.173,38.667,38.148,38.437,250364,0
2007-05-22,38.514,38.605,38.22,38.445,167385,0
2007-05-23,38.445,38.554,37.53,37.707,258376,0
2007-05-24,37.707,38.034,36.664,36.942,658416,0
2007-05-25,37.135,37.29,36.556,37.043,289012,0
2007-05-29,37.252,37.523,36.882,37.052,187802,0
2007-05-30,36.734,37.321,36.564,37.238,175653,0
2007-05-31,37.382,37.382,36.765,37.135,169708,0
2007-06-01,37.321,37.375,36.556,36.757,427956,0
2007-06-04,36.556,36.896,36.253,36.859,304651,0
2007-06-05,36.859,36.859,36.253,36.51,198148,0
2007-06-06,36.217,36.302,35.889,36.131,193364,0
2007-06-07,36.016,36.092,35.674,35.767,512229,0
2007-06-08,35.812,36.326,35.635,36.023,295989,0
2007-06-11,35.983,36.424,35.82,36.224,237441,0
2007-06-12,36.153,36.424,35.859,35.983,306846,0
2007-06-13,36.061,36.564,36.007,36.456,227355,0
2007-06-14,36.549,36.757,36.146,36.286,146054,0
2007-06-15,37.13,37.181,36.734,36.827,240410,0
2007-06-18,36.967,37.02,36.238,36.494,279445,0
2007-06-19,36.362,36.609,36.177,36.51,177465,0
2007-06-20,36.596,36.596,35.753,35.798,168676,0
2007-06-21,35.703,36.486,35.403,36.138,381945,0
2007-06-22,35.967,36.494,35.14,35.744,991113,0
2007-06-25,35.744,37.027,35.117,36.362,723946,0
2007-06-26,36.517,36.788,36.016,36.471,294312,0
2007-06-27,36.354,36.734,36.099,36.734,243256,0
2007-06-28,36.78,36.976,36.418,36.418,249328,0
2007-06-29,36.618,36.743,36.169,36.402,339548,0
2007-07-02,36.517,36.788,36.471,36.757,206936,0
2007-07-03,36.78,37.02,36.68,36.867,82074,0
2007-07-05,36.867,37.097,36.016,36.556,241962,0
2007-07-06,36.526,36.743,36.108,36.587,200083,0
2007-07-09,36.702,37.206,36.627,37.097,256441,0
2007-07-10,37.035,37.198,36.827,36.889,365269,0
2007-07-11,36.903,37.097,36.827,37.052,202024,0
2007-07-12,37.267,37.988,37.267,37.965,289522,0
2007-07-13,37.909,38.429,37.909,38.329,222057,0
2007-07-16,38.258,38.329,37.647,37.841,266259,0
2007-07-17,37.995,38.243,37.8,37.824,200860,0
2007-07-18,37.578,38.073,37.439,37.965,227485,0
2007-07-19,38.22,38.682,38.057,38.596,281643,0
2007-07-20,38.514,38.667,38.272,38.46,403139,0
2007-07-23,38.505,38.723,38.088,38.121,337996,0
2007-07-24,37.447,38.034,36.851,36.889,323133,0
2007-07-25,37.252,37.707,36.418,37.161,305555,0
2007-07-26,36.75,37.189,35.898,36.278,371862,0
2007-07-27,36.21,37.13,31.807,34.259,1403041,0
2007-07-30,34.305,34.685,33.338,34.382,508222,0
2007-07-31,34.677,34.677,33.755,33.917,449413,0
2007-08-01,34.121,34.707,33.654,34.151,819467,0
2007-08-02,34.413,34.437,33.948,34.281,327914,0
2007-08-03,34.281,34.281,32.804,32.915,395516,0
2007-08-06,33.007,33.363,32.464,33.363,603609,0
2007-08-07,33.4,34.359,33.12,33.889,429639,0
2007-08-08,34.195,36.047,33.376,34.32,731574,0
2007-08-09,34.229,35.086,32.225,32.447,855786,0
2007-08-10,32.038,33.588,30.652,32.915,1242513,0
2007-08-13,33.485,33.708,31.752,31.983,366562,0
2007-08-14,32.194,32.302,31.288,31.388,544026,0
2007-08-15,31.155,32.31,31.155,31.28,325329,0
2007-08-16,31.226,31.783,29.724,31.24,496977,0
2007-08-17,31.24,32.487,31.187,32.225,445021,0
2007-08-20,32.425,32.899,32.123,32.65,247390,0
2007-08-21,32.31,32.926,32.131,32.393,226449,0
2007-08-22,32.65,33.1,32.416,32.766,254110,0
2007-08-23,32.687,33.066,32.487,32.609,344720,0
2007-08-24,32.517,32.881,32.472,32.679,295472,0
2007-08-27,32.679,32.687,32.194,32.386,248299,0
2007-08-28,32.286,32.502,32.008,32.246,325717,0
2007-08-29,32.494,32.858,32.209,32.827,181212,0
2007-08-30,32.494,33.042,32.494,32.726,154717,0
2007-08-31,33.073,33.091,32.225,32.579,176947,0
2007-09-04,32.541,33.531,32.525,33.211,210037,0
2007-09-05,32.866,33.059,32.269,32.594,280478,0
2007-09-06,32.834,33.198,32.673,33.198,151352,0
2007-09-07,32.766,33.028,32.372,32.804,224899,0
2007-09-10,32.941,33.129,32.586,33.007,222832,0
2007-09-11,33.191,33.376,32.958,33.283,210555,0
2007-09-12,33.261,33.384,32.973,33.066,142951,0
2007-09-13,33.255,33.289,32.866,32.999,162471,0
2007-09-14,32.673,33.654,32.416,33.507,220508,0
2007-09-17,33.405,33.405,32.348,32.517,419942,0
2007-09-18,32.734,33.856,32.573,33.823,233561,0
2007-09-19,34.178,35.086,33.966,34.839,289785,0
2007-09-20,34.737,34.969,34.121,34.289,172814,0
2007-09-21,34.613,34.629,34.081,34.305,517786,0
2007-09-24,34.305,34.808,34.05,34.121,185092,0
2007-09-25,34.159,34.328,33.974,34.05,266646,0
2007-09-26,34.336,34.964,34.336,34.869,177983,0
2007-09-27,35.064,35.109,34.561,34.668,225674,0
2007-09-28,34.786,35.488,34.629,34.629,247390,0
2007-10-01,34.753,35.534,34.513,35.388,256955,0
2007-10-02,35.388,35.587,34.869,35.165,134682,0
2007-10-03,34.955,35.124,34.707,34.846,153549,0
2007-10-04,34.969,34.969,34.178,34.373,323004,0
2007-10-05,34.793,35.587,34.622,35.28,515983,0
2007-10-08,35.319,35.388,34.832,35.009,175780,0
2007-10-09,34.978,35.784,34.978,35.703,320417,0
2007-10-10,35.567,35.898,35.117,35.187,126281,0
2007-10-11,35.225,35.719,34.839,35,154590,0
2007-10-12,34.991,35.635,34.991,35.442,120209,0
2007-10-15,35.603,35.703,34.32,34.365,353895,0
2007-10-16,34.336,34.613,34.065,34.203,227100,0
2007-10-17,34.583,34.629,33.654,33.823,239896,0
2007-10-18,33.755,34.095,33.455,33.47,275178,0
2007-10-19,33.376,33.654,33.138,33.138,284743,0
2007-10-22,32.78,33.902,32.78,33.848,172294,0
2007-10-23,34.235,34.561,33.874,34.267,223091,0
2007-10-24,34.135,34.583,33.795,34.444,240669,0
2007-10-25,34.645,35.481,34.475,35.436,259669,0
2007-10-26,35.388,35.961,34.909,35.202,238343,0
2007-10-29,35.225,35.542,32.842,34.057,705594,0
2007-10-30,33.795,34.159,33.615,33.882,233431,0
2007-10-31,33.889,33.932,32.999,33.802,336056,0
2007-11-01,33.238,33.553,32.494,32.517,262639,0
2007-11-02,32.849,32.921,32.286,32.687,176559,0
2007-11-05,32.65,33.028,32.131,32.734,272791,0
2007-11-06,32.811,32.819,32.316,32.602,161954,0
2007-11-07,32.487,32.487,31.776,31.836,297175,0
2007-11-08,32.186,32.186,30.946,31.937,381040,0
2007-11-09,31.652,32.008,31.419,31.776,230976,0
2007-11-12,31.675,32.38,31.675,32.029,288044,0
2007-11-13,32.201,32.209,31.683,32.168,237441,0
2007-11-14,32.225,32.687,32.209,32.44,251656,0
2007-11-15,32.225,32.71,32.094,32.556,222314,0
2007-11-16,32.627,32.627,31.799,32.24,363332,0
2007-11-19,32,32.573,31.945,32.38,156654,0
2007-11-20,32.494,32.915,32.277,32.773,202668,0
2007-11-21,32.509,33.036,32.44,32.517,203704,0
2007-11-23,32.541,33.022,32.409,32.796,62429,0
2007-11-26,32.921,32.921,31.736,31.736,462209,0
2007-11-27,31.892,31.992,31.35,31.712,319256,0
2007-11-28,32.008,32.177,31.643,32.085,503061,0
2007-11-29,31.969,32.277,31.419,31.419,340327,0
2007-11-30,31.992,32.029,31.535,31.691,415881,0
2007-12-03,31.945,31.945,31.388,31.535,244289,0
2007-12-04,31.31,31.758,31.104,31.636,216359,0
2007-12-05,31.975,32.145,31.544,31.983,198080,0
2007-12-06,31.86,32.145,31.643,32.145,149806,0
2007-12-07,31.59,31.983,30.738,31.767,697477,0
2007-12-10,31.767,32.286,31.627,31.868,235112,0
2007-12-11,31.86,32.021,31.117,31.211,362941,0
2007-12-12,32.021,32.123,30.816,31.073,323680,0
2007-12-13,30.856,31.046,30.366,30.783,360872,0
2007-12-14,30.366,30.623,29.979,30.164,299995,0
2007-12-17,30.034,30.235,29.53,29.904,287718,0
2007-12-18,30.103,30.862,29.995,30.668,281383,0
2007-12-19,30.668,31.087,30.452,30.87,262151,0
2007-12-20,30.87,31.064,30.568,31.032,250095,0
2007-12-21,31.526,31.752,31.14,31.652,414905,0
2007-12-24,31.611,31.875,31.482,31.875,68761,0
2007-12-26,31.719,31.719,31.104,31.319,137137,0
2007-12-27,31.14,31.319,30.761,30.761,169324,0
2007-12-28,30.939,31.358,30.768,31.046,180889,0
2007-12-31,30.847,31.131,30.577,30.623,197823,0
2008-01-02,30.559,30.723,29.655,29.732,310973,0
2008-01-03,29.756,29.839,29.185,29.185,337220,0
2008-01-04,28.922,29.407,28.657,29.243,373540,0
2008-01-07,29.486,30.298,29.437,30.034,374767,0
2008-01-08,30.172,30.423,29.571,29.607,271562,0
2008-01-09,29.616,29.957,29.422,29.655,494137,0
2008-01-10,29.446,29.749,29.3,29.601,344331,0
2008-01-11,29.322,29.655,29.031,29.515,290560,0
2008-01-14,29.779,29.779,29.261,29.479,115295,0
2008-01-15,29.098,29.307,28.734,28.906,323243,0
2008-01-16,28.88,29.407,28.78,28.939,365658,0
2008-01-17,29.031,29.113,28.183,28.277,264867,0
2008-01-18,28.439,28.571,27.326,27.511,430932,0
2008-01-22,26.537,27.682,26.121,27.077,532817,0
2008-01-23,26.584,28.865,26.428,28.848,483362,0
2008-01-24,28.3,28.814,27.598,27.644,327836,0
2008-01-25,27.945,28.234,27.766,27.945,300385,0
2008-01-28,27.969,28.749,27.511,28.696,281383,0
2008-01-29,28.814,29.122,28.624,28.664,212492,0
2008-01-30,28.624,29.392,28.624,28.633,185139,0
2008-01-31,28.346,30.064,28.346,29.678,287718,0
2008-02-01,29.839,30.329,29.64,30.25,191940,0
2008-02-04,30.212,30.84,29.887,30.645,183948,0
2008-02-05,30.12,30.19,29.386,29.632,275852,0
2008-02-06,29.756,30.064,29.415,29.547,209120,0
2008-02-07,29.344,29.971,29.206,29.871,242348,0
2008-02-08,29.857,29.979,29.277,29.446,276600,0
2008-02-11,29.515,29.547,29.031,29.336,298833,0
2008-02-12,29.429,29.756,29.122,29.407,306719,0
2008-02-13,29.632,29.632,28.964,29.221,299257,0
2008-02-14,29.206,29.392,28.411,28.704,356225,0
2008-02-15,29.399,29.949,28.806,29.353,518174,0
2008-02-19,29.646,29.941,28.704,28.88,303979,0
2008-02-20,28.633,29.486,28.633,29.486,245194,0
2008-02-21,29.686,29.779,28.624,28.682,255179,0
2008-02-22,28.664,28.865,28.379,28.682,362107,0
2008-02-25,28.741,29.098,28.446,29.013,241093,0
2008-02-26,28.82,29.392,28.82,29.322,204222,0
2008-02-27,29.243,29.392,28.939,28.989,271497,0
2008-02-28,28.857,29.16,28.549,28.843,225803,0
2008-02-29,28.512,28.618,27.791,27.883,252430,0
2008-03-03,27.96,28.125,27.559,28.075,210425,0
2008-03-04,27.883,28.387,27.844,28.125,302583,0
2008-03-05,28.2,28.208,27.708,27.945,128477,0
2008-03-06,27.791,28.023,27.302,27.381,217397,0
2008-03-07,27.185,27.451,26.948,27.094,455582,0
2008-03-10,26.955,27.69,26.955,27.465,347173,0
2008-03-11,27.977,28.241,27.309,28.06,333477,0
2008-03-12,28.155,28.326,27.613,27.613,302839,0
2008-03-13,27.192,28.006,27.192,27.908,746698,0
2008-03-14,28.162,28.318,27.358,27.666,409410,0
2008-03-17,27.15,28.34,27.15,28.006,334633,0
2008-03-18,28.463,28.971,28.247,28.827,296379,0
2008-03-19,29.098,29.3,28.688,28.774,878404,0
2008-03-20,29.206,29.949,28.78,29.507,863982,0
2008-03-24,29.571,29.646,29.006,29.437,467508,0
2008-03-25,29.479,29.756,29.243,29.53,323715,0
2008-03-26,29.329,29.616,29.235,29.515,182376,0
2008-03-27,29.429,29.793,29.429,29.446,155491,0
2008-03-28,29.547,29.887,29.437,29.607,287756,0
2008-03-31,29.607,29.995,29.399,29.878,218937,0
2008-04-01,30.064,30.645,30.034,30.6,164297,0
2008-04-02,30.73,30.939,30.452,30.685,157557,0
2008-04-03,30.559,31.073,30.437,30.9,180549,0
2008-04-04,30.87,31.14,30.545,30.831,168933,0
2008-04-07,31.104,31.31,30.636,30.84,390343,0
2008-04-08,30.559,31.59,30.537,31.335,279057,0
2008-04-09,31.443,31.526,30.685,30.816,195881,0
2008-04-10,30.87,31.611,30.87,31.302,655184,0
2008-04-11,30.994,31.459,30.908,30.963,191038,0
2008-04-14,30.892,31.288,30.63,31.104,123708,0
2008-04-15,31.195,31.807,31.187,31.758,208193,0
2008-04-16,32.109,32.556,31.868,32.509,240554,0
2008-04-17,32.433,32.433,31.914,32.076,237573,0
2008-04-18,32.456,32.635,32.194,32.556,243181,0
2008-04-21,32.363,32.556,31.767,32.101,213937,0
2008-04-22,32.008,32.209,31.836,32.145,147682,0
2008-04-23,32.316,32.687,32.225,32.487,180759,0
2008-04-24,32.533,32.907,32.116,32.695,252621,0
2008-04-25,32.881,33.269,32.742,33.028,145945,0
2008-04-28,33.152,33.152,32.609,32.643,202675,0
2008-04-29,32.573,32.703,32.232,32.246,163466,0
2008-04-30,32.433,32.858,32.038,32.316,186280,0
2008-05-01,32.456,33.028,32.216,32.907,155772,0
2008-05-02,33.112,33.229,31.836,32.123,297273,0
2008-05-05,32.168,32.24,31.582,31.843,190562,0
2008-05-06,31.597,31.745,31.038,31.675,159454,0
2008-05-07,31.767,31.9,31.24,31.31,192958,0
2008-05-08,31.526,32.201,31.512,32.137,320887,0
2008-05-09,31.975,32.679,31.719,32.564,241973,0
2008-05-12,32.726,32.933,32.517,32.834,232751,0
2008-05-13,32.804,33.066,32.38,32.926,291374,0
2008-05-14,32.915,33.43,32.915,33.042,132425,0
2008-05-15,32.933,33.376,32.811,33.322,297350,0
2008-05-16,33.485,33.57,33.106,33.313,177429,0
2008-05-19,33.369,33.485,33.073,33.413,405299,0
2008-05-20,33.33,33.645,33.289,33.553,261401,0
2008-05-21,33.654,33.889,33.515,33.654,166773,0
2008-05-22,33.802,34.178,33.531,34.002,157770,0
2008-05-23,33.772,34.073,33.539,33.708,166805,0
2008-05-27,33.809,34.187,33.772,34.187,168768,0
2008-05-28,34.365,34.591,34.042,34.545,242944,0
2008-05-29,34.373,35.194,34.373,34.869,231834,0
2008-05-30,34.969,34.969,34.281,34.365,238088,0